codigo_ocorrencia;codigo_ocorrencia2;ocorrencia_classificacao;ocorrencia_cidade;ocorrencia_uf;ocorrencia_aerodromo;ocorrencia_dia;ocorrencia_hora;total_recomendacoes
52242;52242;INCIDENTE;PORTO ALEGRE;RS;SBPA;05/01/2012;20:27:00;0
45331;45331;ACIDENTE;GUARULHOS;SP;SBGR;06/01/2012;13:44:00;3
45333;45333;ACIDENTE;VIAMÃO;RS;****;06/01/2012;13:00:00;0
45401;45401;ACIDENTE;SÃO SEBASTIÃO;SP;****;06/01/2012;17:00:00;0
45407;45407;ACIDENTE;SÃO SEPÉ;RS;****;06/01/2012;16:30:00;0
52243;52243;INCIDENTE;UBATUBA;SP;****;06/01/2012;14:30:00;0
50713;50713;INCIDENTE GRAVE;CAMPINAS;SP;SDAI;07/01/2012;18:15:00;0
45334;45334;INCIDENTE;BELÉM;PA;SBBE;08/01/2012;19:12:00;0
45391;45391;ACIDENTE;CONCEIÇÃO DAS ALAGOAS;MG;****;08/01/2012;16:00:00;0
52244;52244;INCIDENTE;UBERLÂNDIA;MG;SBUL;08/01/2012;22:13:00;0
45332;45332;ACIDENTE;VIAMÃO;RS;****;09/01/2012;13:30:00;0
52245;52245;INCIDENTE;PORTO ALEGRE;RS;SBPA;09/01/2012;13:36:00;0
45396;45396;INCIDENTE GRAVE;MARABÁ;PA;SBMA;11/01/2012;11:21:00;0
45408;45408;ACIDENTE;ELDORADO;SP;****;11/01/2012;13:45:00;1
45447;45447;INCIDENTE;RIO BRANCO;AC;****;13/01/2012;18:15:00;0
45409;45409;ACIDENTE;CÁCERES;MT;****;14/01/2012;10:00:00;0
45693;45693;INCIDENTE;MACAÉ;RJ;****;14/01/2012;10:30:00;0
52246;52246;INCIDENTE;BRASÍLIA;DF;SBBR;16/01/2012;16:47:00;0
50714;50714;INCIDENTE GRAVE;CAMOCIM;CE;SNWC;17/01/2012;18:25:00;0
45399;45399;INCIDENTE GRAVE;MUANÁ;PA;****;18/01/2012;17:35:00;0
52247;52247;INCIDENTE;BELO HORIZONTE;MG;SBPR;18/01/2012;13:10:00;0
45392;45392;ACIDENTE;BRASÍLIA;DF;****;19/01/2012;21:30:00;2
45390;45390;ACIDENTE;CACHOEIRA DOURADA;GO;****;20/01/2012;21:00:00;0
45405;45405;INCIDENTE;CUIABÁ;MT;****;20/01/2012;08:00:00;0
45582;45582;INCIDENTE GRAVE;RONDONÓPOLIS;MT;SWRD;20/01/2012;17:00:00;0
45400;45400;INCIDENTE GRAVE;BRASÍLIA;DF;SBBR;21/01/2012;14:50:00;4
45410;45410;ACIDENTE;BRAGANÇA PAULISTA;SP;SDVH;21/01/2012;23:30:00;0
52241;52241;INCIDENTE GRAVE;UBERLÂNDIA;MG;SBUL;21/01/2012;20:45:00;0
52248;52248;INCIDENTE;SÃO PAULO;SP;SBMT;21/01/2012;11:15:00;0
45393;45393;ACIDENTE;RIO DE JANEIRO;RJ;SBJR;22/01/2012;20:25:00;0
45397;45397;INCIDENTE GRAVE;RIO DE JANEIRO;RJ;****;22/01/2012;19:05:00;2
52051;52051;INCIDENTE;RECIFE;PE;SBRF;22/01/2012;23:00:00;0
45412;45412;ACIDENTE;TASSO FRAGOSO;MA;****;23/01/2012;09:33:00;2
45413;45413;ACIDENTE;ITAPURANGA;GO;****;25/01/2012;22:00:00;0
52053;52053;INCIDENTE;VITÓRIA;ES;SBVT;25/01/2012;13:36:00;0
52054;52054;INCIDENTE;SÃO PAULO;SP;SBMT;25/01/2012;23:00:00;0
52055;52055;INCIDENTE;RIBEIRÃO PRETO;SP;****;25/01/2012;09:30:00;0
45802;45802;INCIDENTE;BELO HORIZONTE;MG;SBBH;26/01/2012;17:00:00;0
45667;45667;INCIDENTE;JOINVILLE;SC;SBJV;27/01/2012;14:45:00;0
45579;45579;ACIDENTE;CAMPOS LINDOS;TO;****;28/01/2012;18:35:00;0
45415;45415;ACIDENTE;RIO DE JANEIRO;RJ;****;30/01/2012;13:55:00;0
45719;45719;INCIDENTE;PELOTAS;RS;****;30/01/2012;21:30:00;0
45414;45414;ACIDENTE;NOVA BRASILÂNDIA;MT;****;31/01/2012;18:00:00;0
45417;45417;ACIDENTE;VÁRZEA GRANDE;MT;****;31/01/2012;14:15:00;0
45668;45668;INCIDENTE;CAMPOS DOS GOYTACAZES;RJ;****;01/02/2012;12:30:00;0
45682;45682;INCIDENTE;MACAÉ;RJ;****;01/02/2012;13:50:00;0
45525;45525;ACIDENTE;CAMPO FLORIDO;MG;****;02/02/2012;21:30:00;2
45705;45705;INCIDENTE;SÃO JOSÉ DOS PINHAIS;PR;SBCT;02/02/2012;22:35:00;0
45658;45658;INCIDENTE;CAMPO GRANDE;MS;SBCG;03/02/2012;23:33:00;0
45703;45703;INCIDENTE;RIO DE JANEIRO;RJ;SBGL;03/02/2012;02:04:00;0
45701;45701;INCIDENTE;BELÉM;PA;SBBE;04/02/2012;14:55:00;0
45587;45587;ACIDENTE;CORRENTINA;BA;****;05/02/2012;20:27:00;0
52056;52056;INCIDENTE;LONDRINA;PR;SBLO;05/02/2012;17:34:00;0
45469;45469;INCIDENTE;PIRACICABA;SP;SDPW;06/02/2012;20:45:00;0
45572;45572;ACIDENTE;PALESTINA;SP;****;06/02/2012;19:30:00;0
45669;45669;INCIDENTE;ITANHAÉM;SP;****;06/02/2012;14:00:00;0
45699;45699;INCIDENTE;SÃO PAULO;SP;SBSP;06/02/2012;18:44:00;0
45700;45700;INCIDENTE;CUIABÁ;MT;****;06/02/2012;20:00:00;0
45524;45524;ACIDENTE;JUNDIAÍ;SP;SBJD;07/02/2012;16:10:00;0
45580;45580;INCIDENTE GRAVE;MACAÉ;RJ;****;07/02/2012;14:50:00;4
45588;45588;ACIDENTE;RIO DE JANEIRO;RJ;****;07/02/2012;20:56:00;4
45656;45656;INCIDENTE;JUNDIAÍ;SP;SBJD;07/02/2012;20:50:00;0
46900;46900;ACIDENTE;QUELUZITO;MG;****;07/02/2012;19:45:00;0
45528;45528;ACIDENTE;BELÉM;PA;****;08/02/2012;01:44:00;3
45564;45564;ACIDENTE;SONORA;MS;****;08/02/2012;09:50:00;0
45585;45585;ACIDENTE;BELA VISTA DO PARAÍSO;PR;****;08/02/2012;21:35:00;0
45678;45678;INCIDENTE;BELO HORIZONTE;MG;SBPR;10/02/2012;22:05:00;0
45718;45718;INCIDENTE;UBERLÂNDIA;MG;SBUL;10/02/2012;04:00:00;0
45466;45466;ACIDENTE;CAMPINAS;SP;SDAM;12/02/2012;19:25:00;0
45470;45470;INCIDENTE;RIO DE JANEIRO;RJ;SBGL;12/02/2012;02:20:00;0
45586;45586;ACIDENTE;ARROIO GRANDE;RS;****;15/02/2012;13:00:00;0
52471;52471;INCIDENTE GRAVE;CAIRU;BA;SNCL;15/02/2012;13:20:00;0
45487;45487;ACIDENTE;CAMETÁ;PA;****;16/02/2012;12:30:00;3
45684;45684;INCIDENTE;PERUÍBE;SP;****;17/02/2012;14:45:00;0
45689;45689;INCIDENTE;RIO DE JANEIRO;RJ;****;17/02/2012;23:00:00;0
45712;45712;INCIDENTE;CABO FRIO;RJ;****;17/02/2012;12:00:00;0
45713;45713;INCIDENTE;SÃO PAULO;SP;****;17/02/2012;11:30:00;0
45584;45584;INCIDENTE GRAVE;ESTÂNCIA;SE;SNOD;19/02/2012;15:10:00;0
45598;45598;INCIDENTE GRAVE;BRAGANÇA PAULISTA;SP;SBBP;20/02/2012;14:10:00;0
45715;45715;INCIDENTE;MANAUS;AM;SWFN;20/02/2012;09:10:00;0
45571;45571;ACIDENTE;MARITUBA;PA;****;22/02/2012;13:40:00;9
45710;45710;INCIDENTE;SÃO JOSÉ DOS PINHAIS;PR;SBCT;22/02/2012;22:45:00;0
45714;45714;INCIDENTE;BELO HORIZONTE;MG;SBBH;22/02/2012;19:35:00;0
45681;45681;INCIDENTE;MANAUS;AM;SBEG;23/02/2012;10:25:00;0
45527;45527;ACIDENTE;CORUPÁ;SC;****;24/02/2012;11:45:00;0
45569;45569;ACIDENTE;COSTA RICA;MS;****;24/02/2012;10:30:00;0
45653;45653;INCIDENTE GRAVE;GUARULHOS;SP;SBGR;24/02/2012;20:04:00;0
45490;45490;ACIDENTE;BELÉM;PA;****;25/02/2012;11:47:00;1
45680;45680;INCIDENTE;CONFINS;MG;SBCF;25/02/2012;20:00:00;0
45709;45709;INCIDENTE;RIO DE JANEIRO;RJ;****;26/02/2012;15:42:00;0
45522;45522;ACIDENTE;SÃO JOSÉ;SC;SSKT;27/02/2012;21:00:00;0
45599;45599;INCIDENTE GRAVE;BRAGANÇA PAULISTA;SP;SBBP;27/02/2012;19:15:00;0
45523;45523;ACIDENTE;ENVIRA;AM;****;28/02/2012;21:30:00;0
45573;45573;ACIDENTE;MANAUS;AM;****;28/02/2012;10:15:00;2
45570;45570;ACIDENTE;LUIZ ALVES;SC;****;29/02/2012;11:15:00;0
45727;45727;INCIDENTE;BARRA DO GARÇAS;MT;SBBW;01/03/2012;12:50:00;0
45526;45526;ACIDENTE;QUERÊNCIA DO NORTE;PR;****;02/03/2012;12:50:00;0
45589;45589;ACIDENTE;LINS;SP;SWXQ;02/03/2012;17:35:00;0
45707;45707;INCIDENTE;FORTALEZA;CE;SBFZ;02/03/2012;22:12:00;0
45610;45610;INCIDENTE;SÃO JOSÉ DO RIO PRETO;SP;****;03/03/2012;13:00:00;0
45706;45706;INCIDENTE;RIO BRANCO;AC;SBRB;03/03/2012;17:35:00;0
45711;45711;INCIDENTE;SÃO PAULO;SP;****;03/03/2012;11:30:00;0
45596;45596;ACIDENTE;ELISEU MARTINS;PI;****;06/03/2012;12:30:00;2
45604;45604;INCIDENTE;RIO DE JANEIRO;RJ;SBRJ;06/03/2012;11:31:00;0
45670;45670;INCIDENTE;SALVADOR;BA;SBSV;06/03/2012;23:25:00;0
45594;45594;ACIDENTE;ITUMBIARA;GO;****;07/03/2012;10:00:00;0
45601;45601;INCIDENTE;GUARULHOS;SP;SBGR;07/03/2012;17:40:00;0
45624;45624;INCIDENTE;VITÓRIA;ES;****;07/03/2012;11:45:00;0
45671;45671;INCIDENTE;PALMAS;TO;SBPJ;07/03/2012;10:50:00;0
45728;45728;INCIDENTE;RIO BRANCO;AC;****;08/03/2012;22:00:00;0
45677;45677;INCIDENTE;ANÁPOLIS;GO;****;09/03/2012;08:30:00;0
45695;45695;INCIDENTE;MACAÉ;RJ;SBME;09/03/2012;11:35:00;0
45698;45698;INCIDENTE;FORTALEZA;CE;****;09/03/2012;14:00:00;0
45612;45612;INCIDENTE;LONDRINA;PR;SBLO;10/03/2012;16:35:00;0
45647;45647;INCIDENTE;MACAÉ;RJ;****;10/03/2012;11:48:00;0
45694;45694;INCIDENTE;RIBEIRÃO PRETO;SP;SBRP;10/03/2012;12:25:00;0
45789;45789;INCIDENTE;ILHÉUS;BA;SBIL;10/03/2012;12:30:00;0
45696;45696;INCIDENTE;CAMPINAS;SP;****;11/03/2012;17:30:00;0
45697;45697;INCIDENTE;RIBEIRÃO PRETO;SP;****;11/03/2012;22:42:00;0
45597;45597;ACIDENTE;CAMPO GRANDE;MS;SBCG;12/03/2012;14:38:00;2
45611;45611;INCIDENTE;RIO DE JANEIRO;RJ;SBGL;12/03/2012;01:42:00;0
45618;45618;ACIDENTE;LUIZ ALVES;SC;****;12/03/2012;17:00:00;1
45600;45600;INCIDENTE GRAVE;ESPUMOSO;RS;****;13/03/2012;20:30:00;0
45609;45609;INCIDENTE;GOIÂNIA;GO;****;13/03/2012;12:50:00;0
45786;45786;INCIDENTE;SALVADOR;BA;SBSV;14/03/2012;12:46:00;0
45692;45692;INCIDENTE;FRANCA;SP;****;15/03/2012;14:35:00;0
45729;45729;ACIDENTE;MIRANDA;MS;****;15/03/2012;10:00:00;0
45625;45625;INCIDENTE;SANTA MARIA;RS;****;16/03/2012;12:25:00;0
45654;45654;INCIDENTE GRAVE;SÃO JOSÉ;SC;SSKT;16/03/2012;21:00:00;0
45691;45691;INCIDENTE;FRANCO DA ROCHA;SP;****;16/03/2012;18:40:00;0
45864;45864;INCIDENTE;CAMPOS DOS GOYTACAZES;RJ;****;17/03/2012;17:30:00;0
45685;45685;INCIDENTE;CABO FRIO;RJ;SBBZ;18/03/2012;12:20:00;0
45619;45619;ACIDENTE;SOROCABA;SP;SDCO;19/03/2012;19:18:00;0
45652;45652;ACIDENTE;PORTO ALEGRE;RS;****;19/03/2012;14:20:00;0
45686;45686;INCIDENTE;GUARULHOS;SP;****;20/03/2012;16:10:00;0
46067;46067;INCIDENTE;MACAÉ;RJ;****;21/03/2012;12:50:00;0
45795;45795;INCIDENTE;GOIÂNIA;GO;SBGO;22/03/2012;19:45:00;0
45796;45796;INCIDENTE;FORTALEZA;CE;SBFZ;22/03/2012;14:41:00;0
45730;45730;ACIDENTE;MARICÁ;RJ;SDMC;23/03/2012;16:15:00;0
45798;45798;INCIDENTE GRAVE;CHAPECÓ;SC;****;23/03/2012;21:17:00;0
45651;45651;INCIDENTE GRAVE;ITU;SP;****;24/03/2012;20:45:00;1
45794;45794;ACIDENTE;NAVEGANTES;SC;SBNF;24/03/2012;17:40:00;0
45784;45784;INCIDENTE;BELO HORIZONTE;MG;****;26/03/2012;17:45:00;0
45797;45797;INCIDENTE;RIBEIRÃO PRETO;SP;SBRP;26/03/2012;20:38:00;0
46901;46901;ACIDENTE;MANAUS;AM;SBEG;26/03/2012;20:30:00;2
52057;52057;INCIDENTE;MACEIÓ;AL;SBMO;26/03/2012;13:19:00;0
45792;45792;INCIDENTE;SÃO PAULO;SP;SBSP;27/03/2012;16:00:00;0
45793;45793;INCIDENTE;GOIÂNIA;GO;****;27/03/2012;19:55:00;0
45780;45780;INCIDENTE;CAMPINAS;SP;****;28/03/2012;19:30:00;0
45790;45790;INCIDENTE;CURITIBA;PR;SBBI;28/03/2012;21:40:00;0
45791;45791;INCIDENTE;MACAÉ;RJ;SBME;28/03/2012;13:45:00;0
45773;45773;INCIDENTE;SANTA MARIA;RS;****;29/03/2012;20:33:00;0
45785;45785;INCIDENTE;COARI;AM;****;29/03/2012;15:20:00;3
45754;45754;INCIDENTE GRAVE;GOIÂNIA;GO;SBNV;30/03/2012;14:30:00;0
45774;45774;INCIDENTE;BELO HORIZONTE;MG;SBBH;30/03/2012;13:31:00;0
45731;45731;ACIDENTE;PALMAS;TO;****;31/03/2012;19:21:00;0
46069;46069;INCIDENTE;GUARULHOS;SP;****;01/04/2012;13:30:00;0
45753;45753;INCIDENTE GRAVE;OURO FINO;MG;SNOF;02/04/2012;16:30:00;0
45775;45775;INCIDENTE;SÃO PAULO;SP;****;02/04/2012;18:32:00;0
45732;45732;ACIDENTE;SORRISO;MT;****;03/04/2012;17:30:00;0
45756;45756;INCIDENTE GRAVE;SÃO FÉLIX DO XINGU;PA;****;03/04/2012;14:25:00;1
45755;45755;INCIDENTE GRAVE;CARUARU;PE;SNRU;04/04/2012;10:45:00;0
52058;52058;INCIDENTE;BAURU;SP;SBBU;04/04/2012;20:20:00;0
45733;45733;ACIDENTE;BELO HORIZONTE;MG;****;05/04/2012;17:00:00;0
45734;45734;ACIDENTE;TIROS;MG;****;06/04/2012;13:37:00;0
45752;45752;INCIDENTE GRAVE;BRAGANÇA PAULISTA;SP;SBBP;11/04/2012;12:00:00;4
45776;45776;INCIDENTE;GOVERNADOR VALADARES;MG;****;11/04/2012;09:15:00;0
47082;47082;INCIDENTE GRAVE;SAPEZAL;MT;****;11/04/2012;11:30:00;0
45779;45779;INCIDENTE;BRASÍLIA;DF;****;12/04/2012;19:00:00;0
45803;45803;INCIDENTE;BELO HORIZONTE;MG;SBBH;12/04/2012;10:30:00;0
45746;45746;ACIDENTE;FRANCA;SP;****;13/04/2012;20:25:00;0
45747;45747;ACIDENTE;CAMPO GRANDE;MS;SSKG;13/04/2012;20:30:00;0
45750;45750;ACIDENTE;ITIRAPINA;SP;****;13/04/2012;15:45:00;0
45751;45751;ACIDENTE;ITANHAÉM;SP;****;14/04/2012;15:30:00;2
45749;45749;ACIDENTE;GUARATINGUETÁ;SP;SBGW;15/04/2012;20:45:00;0
45777;45777;INCIDENTE;MANAUS;AM;SBEG;15/04/2012;06:15:00;0
45781;45781;INCIDENTE;UBERLÂNDIA;MG;SBUL;15/04/2012;20:40:00;0
46056;46056;INCIDENTE;GUAÍBA;RS;****;15/04/2012;12:05:00;0
45748;45748;ACIDENTE;FORTALEZA;CE;SBFZ;16/04/2012;22:50:00;0
46053;46053;INCIDENTE;MACAÉ;RJ;SBME;18/04/2012;12:59:00;0
45778;45778;INCIDENTE;GOIÂNIA;GO;SBGO;19/04/2012;21:45:00;0
45757;45757;ACIDENTE;JUNDIAÍ;SP;SBJD;20/04/2012;20:20:00;2
45759;45759;ACIDENTE;MACAPÁ;AP;****;20/04/2012;08:55:00;2
45783;45783;INCIDENTE;CHAVES;PA;****;21/04/2012;12:45:00;0
46052;46052;INCIDENTE;COARI;AM;****;21/04/2012;13:05:00;0
45834;45834;INCIDENTE;PORTO ALEGRE;RS;SBPA;23/04/2012;21:35:00;0
45835;45835;INCIDENTE GRAVE;BLUMENAU;SC;SSBL;23/04/2012;13:50:00;0
46048;46048;ACIDENTE;GUARULHOS;SP;SBGR;24/04/2012;16:40:00;1
45804;45804;INCIDENTE;GOIÂNIA;GO;****;25/04/2012;09:20:00;0
46055;46055;INCIDENTE;BELO HORIZONTE;MG;****;25/04/2012;20:24:00;0
46068;46068;INCIDENTE;RECIFE;PE;SBRF;25/04/2012;11:26:00;0
45820;45820;ACIDENTE;GUARUJÁ;SP;****;26/04/2012;17:26:00;3
45799;45799;ACIDENTE;SÃO SEBASTIÃO DO PASSÉ;BA;****;27/04/2012;12:40:00;1
45801;45801;INCIDENTE;GUARULHOS;SP;SBGR;27/04/2012;03:54:00;0
45844;45844;INCIDENTE;CONFINS;MG;SBCF;27/04/2012;01:40:00;0
45842;45842;INCIDENTE;MACAPÁ;AP;SBMQ;28/04/2012;14:23:00;0
46109;46109;INCIDENTE;RECIFE;PE;SBRF;28/04/2012;11:23:00;0
53433;53433;ACIDENTE;MARINGÁ;PR;SSXO;28/04/2012;20:00:00;0
46070;46070;INCIDENTE;TEIXEIRA DE FREITAS;BA;SNTF;29/04/2012;20:20:00;0
45800;45800;INCIDENTE GRAVE;SALVADOR;BA;SBSV;30/04/2012;20:25:00;0
45821;45821;ACIDENTE;LENÇÓIS PAULISTA;SP;****;01/05/2012;17:15:00;2
45843;45843;INCIDENTE;GUARULHOS;SP;SBGR;01/05/2012;23:30:00;0
45845;45845;INCIDENTE;VITÓRIA;ES;SBVT;02/05/2012;19:50:00;0
45850;45850;INCIDENTE;SERRA;ES;****;02/05/2012;19:09:00;0
45831;45831;INCIDENTE GRAVE;MARINGÁ;PR;SBMG;03/05/2012;12:00:00;0
45833;45833;INCIDENTE GRAVE;MARICÁ;RJ;****;03/05/2012;11:20:00;0
46111;46111;INCIDENTE;RECIFE;PE;SBRF;03/05/2012;11:28:00;0
45912;45912;INCIDENTE GRAVE;MUCAJAÍ;RR;SWMV;04/05/2012;19:30:00;0
45822;45822;ACIDENTE;PORTO VELHO;RO;****;05/05/2012;11:15:00;0
45830;45830;INCIDENTE GRAVE;FORMOSA;GO;SWFR;06/05/2012;19:00:00;0
45841;45841;INCIDENTE;RIO BRANCO;AC;SBRB;07/05/2012;23:42:00;0
46847;46847;ACIDENTE;MARECHAL CÂNDIDO RONDON;PR;SSCR;07/05/2012;20:25:00;2
45819;45819;ACIDENTE;PIRANHAS;GO;****;08/05/2012;19:30:00;2
46072;46072;INCIDENTE;UBERABA;MG;SBUR;09/05/2012;10:50:00;0
45829;45829;ACIDENTE;SANTA MARIANA;PR;****;10/05/2012;12:00:00;0
45853;45853;INCIDENTE;RIO DE JANEIRO;RJ;SBRJ;10/05/2012;14:50:00;0
45849;45849;INCIDENTE;SÃO JOSÉ DO RIO PRETO;SP;SBSR;16/05/2012;11:00:00;0
45856;45856;INCIDENTE GRAVE;PRESIDENTE FIGUEIREDO;AM;****;16/05/2012;19:30:00;0
45892;45892;INCIDENTE;CONFINS;MG;SBCF;16/05/2012;17:50:00;0
45894;45894;ACIDENTE;AFUÁ;PA;****;16/05/2012;12:10:00;0
45854;45854;INCIDENTE;RIO DE JANEIRO;RJ;SBJR;17/05/2012;19:40:00;0
45895;45895;INCIDENTE;SALVADOR;BA;SBSV;17/05/2012;09:55:00;0
45857;45857;ACIDENTE;SÃO PAULO;SP;SBMT;18/05/2012;10:17:00;1
45862;45862;INCIDENTE;RIBEIRÃO PRETO;SP;****;18/05/2012;17:56:00;0
45865;45865;INCIDENTE;ITÁPOLIS;SP;****;18/05/2012;19:45:00;0
45867;45867;INCIDENTE GRAVE;SÃO PAULO;SP;****;18/05/2012;15:00:00;0
45859;45859;INCIDENTE GRAVE;AMARGOSA;BA;SNAZ;19/05/2012;13:40:00;2
45861;45861;INCIDENTE;PARNAMIRIM;RN;SBNT;19/05/2012;10:40:00;0
45944;45944;INCIDENTE;CAMPINAS;SP;SBKP;19/05/2012;10:28:00;0
45866;45866;ACIDENTE;DRACENA;SP;****;20/05/2012;19:35:00;1
45890;45890;ACIDENTE;IMBITUBA;SC;****;20/05/2012;17:40:00;0
45903;45903;INCIDENTE;GOIÂNIA;GO;SBGO;20/05/2012;21:17:00;0
45889;45889;INCIDENTE;BOTUCATU;SP;SDBK;22/05/2012;13:30:00;0
52059;52059;INCIDENTE;RECIFE;PE;SBRF;22/05/2012;13:07:00;0
45891;45891;INCIDENTE GRAVE;TOLEDO;PR;SBTD;23/05/2012;11:35:00;0
45915;45915;INCIDENTE;RIO DE JANEIRO;RJ;SBRJ;23/05/2012;14:30:00;0
46049;46049;INCIDENTE GRAVE;ITAPIRANGA;AM;****;23/05/2012;20:20:00;1
45860;45860;INCIDENTE;RIO BRANCO;AC;SBRB;24/05/2012;03:10:00;0
45887;45887;INCIDENTE;JUNDIAÍ;SP;SBJD;24/05/2012;19:23:00;0
45913;45913;ACIDENTE;ALCÂNTARA;MA;****;25/05/2012;20:45:00;0
45916;45916;INCIDENTE;RECIFE;PE;SBRF;25/05/2012;18:00:00;0
45941;45941;INCIDENTE GRAVE;SALTO DE PIRAPORA;SP;SDBN;25/05/2012;20:15:00;0
46701;46701;INCIDENTE;SÃO PAULO;SP;SBSP;25/05/2012;15:40:00;0
52240;52240;INCIDENTE GRAVE;CASCAVEL;PR;SBCA;25/05/2012;20:45:00;0
45927;45927;ACIDENTE;TATUÍ;SP;SDTF;26/05/2012;12:30:00;0
45929;45929;ACIDENTE;BELO HORIZONTE;MG;SBPR;26/05/2012;11:00:00;0
45950;45950;INCIDENTE;SÃO PAULO;SP;SBMT;26/05/2012;19:30:00;0
45928;45928;ACIDENTE;DELTA;MG;****;27/05/2012;14:00:00;0
45902;45902;ACIDENTE;PONTA GROSSA;PR;SBPG;28/05/2012;20:25:00;0
45939;45939;ACIDENTE;UMUARAMA;PR;****;30/05/2012;19:00:00;0
45904;45904;INCIDENTE;BELO HORIZONTE;MG;SBBH;31/05/2012;00:03:00;0
45898;45898;INCIDENTE;JUNDIAÍ;SP;SBJD;01/06/2012;16:54:00;0
45901;45901;ACIDENTE;BELÉM;PA;SBJC;01/06/2012;15:08:00;0
45900;45900;ACIDENTE;SÃO PAULO;SP;SBMT;02/06/2012;12:29:00;1
45897;45897;INCIDENTE;JUNDIAÍ;SP;SBJD;03/06/2012;20:28:00;0
45899;45899;ACIDENTE;RIO CLARO;SP;SDRK;03/06/2012;19:40:00;0
45918;45918;INCIDENTE;ILHÉUS;BA;SBIL;05/06/2012;18:34:00;0
45933;45933;ACIDENTE;BARÃO DE MELGAÇO;MT;****;05/06/2012;20:30:00;0
45914;45914;ACIDENTE;MACAÉ;RJ;SBME;06/06/2012;21:35:00;0
45932;45932;INCIDENTE GRAVE;GOIÂNIA;GO;SBGO;06/06/2012;14:05:00;1
45943;45943;INCIDENTE;VITÓRIA;ES;SBVT;07/06/2012;12:00:00;0
45980;45980;INCIDENTE;SALVADOR;BA;SBSV;07/06/2012;18:24:00;0
46117;46117;INCIDENTE;RIO DE JANEIRO;RJ;SBGL;08/06/2012;20:55:00;0
45917;45917;INCIDENTE;SALVADOR;BA;SBSV;11/06/2012;19:30:00;0
45946;45946;INCIDENTE;CABO FRIO;RJ;SBCB;11/06/2012;14:50:00;0
45931;45931;INCIDENTE GRAVE;BELO HORIZONTE;MG;SBPR;12/06/2012;18:40:00;0
45936;45936;ACIDENTE;SINOP;MT;****;13/06/2012;11:50:00;0
45945;45945;INCIDENTE;RIO DE JANEIRO;RJ;SBJR;13/06/2012;21:00:00;0
45981;45981;INCIDENTE;VÁRZEA GRANDE;MT;SBCY;13/06/2012;10:51:00;0
45989;45989;INCIDENTE;RIO DE JANEIRO;RJ;SBJR;13/06/2012;23:00:00;0
45934;45934;ACIDENTE;PAÇO DO LUMIAR;MA;SJHR;14/06/2012;19:40:00;2
45982;45982;INCIDENTE;BELÉM;PA;SBBE;15/06/2012;00:06:00;0
45964;45964;INCIDENTE;SÃO PAULO;SP;SBSP;16/06/2012;13:15:00;0
46180;46180;ACIDENTE;AURIFLAMA;SP;****;16/06/2012;19:30:00;0
46032;46032;INCIDENTE;GUARULHOS;SP;SBGR;17/06/2012;13:36:00;0
45983;45983;INCIDENTE;BELO HORIZONTE;MG;****;18/06/2012;09:16:00;0
45942;45942;INCIDENTE;ARARAS;SP;SDAA;19/06/2012;13:40:00;0
45972;45972;INCIDENTE;CURITIBA;PR;SBBI;19/06/2012;15:00:00;0
46116;46116;INCIDENTE;VARGINHA;MG;****;19/06/2012;19:54:00;0
45935;45935;INCIDENTE;GOIÂNIA;GO;SBGO;20/06/2012;09:10:00;0
45938;45938;ACIDENTE;ALTO HORIZONTE;GO;****;20/06/2012;16:15:00;0
45947;45947;INCIDENTE;VITÓRIA;ES;****;20/06/2012;14:30:00;0
45951;45951;INCIDENTE;VITÓRIA;ES;SBVT;21/06/2012;15:00:00;0
45952;45952;INCIDENTE;COARI;AM;****;21/06/2012;12:15:00;0
45985;45985;INCIDENTE;GUARULHOS;SP;SBGR;21/06/2012;13:55:00;0
45937;45937;ACIDENTE;CANARANA;MT;SWEK;22/06/2012;14:00:00;0
45959;45959;INCIDENTE;BELO HORIZONTE;MG;SBBH;22/06/2012;14:32:00;0
45973;45973;INCIDENTE;MANAUS;AM;SBEG;22/06/2012;14:30:00;0
46022;46022;INCIDENTE;MOGI DAS CRUZES;SP;****;22/06/2012;20:20:00;0
46026;46026;INCIDENTE GRAVE;BRASÍLIA;DF;SIQE;22/06/2012;12:30:00;1
46106;46106;INCIDENTE;VITÓRIA;ES;SBVT;22/06/2012;12:28:00;0
45960;45960;INCIDENTE;BELO HORIZONTE;MG;SBBH;23/06/2012;19:01:00;0
46158;46158;INCIDENTE;BELÉM;PA;SBJC;23/06/2012;11:50:00;0
45949;45949;INCIDENTE;SÃO JOSÉ DOS CAMPOS;SP;SBSJ;24/06/2012;11:40:00;0
45948;45948;INCIDENTE;JUNDIAÍ;SP;SBJD;25/06/2012;15:18:00;0
46197;46197;INCIDENTE;OSÓRIO;RS;SSOS;26/06/2012;17:00:00;0
46029;46029;INCIDENTE;COARI;AM;****;28/06/2012;12:00:00;0
46019;46019;INCIDENTE;SÃO PAULO;SP;SBSP;29/06/2012;01:35:00;0
46038;46038;ACIDENTE;BAURU;SP;SBBU;29/06/2012;17:50:00;0
46036;46036;INCIDENTE;BELÉM;PA;SBJC;30/06/2012;15:51:00;0
46043;46043;INCIDENTE GRAVE;MARICÁ;RJ;SDMC;30/06/2012;14:05:00;0
46045;46045;ACIDENTE;PRATA;MG;****;30/06/2012;23:00:00;0
46096;46096;INCIDENTE;FOZ DO IGUAÇU;PR;SBFI;30/06/2012;13:52:00;0
46155;46155;INCIDENTE;RIO DE JANEIRO;RJ;****;30/06/2012;15:40:00;0
46024;46024;INCIDENTE GRAVE;CURITIBA;PR;SBBI;01/07/2012;11:05:00;0
46046;46046;INCIDENTE;MARINGÁ;PR;SBMG;01/07/2012;12:30:00;0
46042;46042;INCIDENTE GRAVE;ARACATU;BA;****;02/07/2012;10:45:00;3
46073;46073;INCIDENTE;GUARULHOS;SP;****;03/07/2012;02:55:00;0
46110;46110;INCIDENTE;GOIÂNIA;GO;SBGO;03/07/2012;09:01:00;0
46156;46156;INCIDENTE;GOIÂNIA;GO;SBGO;03/07/2012;11:55:00;0
46095;46095;ACIDENTE;NOVA UBIRATÃ;MT;****;04/07/2012;14:35:00;0
46093;46093;ACIDENTE;ESPINOSA;MG;****;06/07/2012;13:50:00;2
46157;46157;INCIDENTE;PORTO ALEGRE;RS;****;06/07/2012;13:11:00;0
46161;46161;INCIDENTE;GUARULHOS;SP;****;06/07/2012;09:30:00;0
46094;46094;ACIDENTE;ALTO GARÇAS;MT;****;07/07/2012;14:30:00;0
46178;46178;ACIDENTE;GENERAL CARNEIRO;MT;****;07/07/2012;09:20:00;0
46092;46092;ACIDENTE;BOITUVA;SP;****;09/07/2012;17:00:00;7
46105;46105;INCIDENTE;CAMPINAS;SP;SBKP;09/07/2012;22:55:00;0
46196;46196;INCIDENTE;OSÓRIO;RS;SSOS;09/07/2012;12:00:00;0
46098;46098;INCIDENTE;BELO HORIZONTE;MG;****;10/07/2012;20:25:00;0
46159;46159;INCIDENTE;SÃO PAULO;SP;SBMT;11/07/2012;19:50:00;0
46305;46305;ACIDENTE;SÃO PAULO;SP;****;11/07/2012;13:17:00;2
46152;46152;ACIDENTE;ANGRA DOS REIS;RJ;****;12/07/2012;20:15:00;1
46154;46154;INCIDENTE GRAVE;UBERABA;MG;SBUR;12/07/2012;19:32:00;0
46160;46160;INCIDENTE;CARAUARI;AM;****;13/07/2012;11:40:00;0
46189;46189;INCIDENTE;SÃO PAULO;SP;****;13/07/2012;18:50:00;0
46153;46153;ACIDENTE;UAUÁ;BA;****;14/07/2012;14:40:00;0
46190;46190;INCIDENTE;LONDRINA;PR;SBLO;15/07/2012;18:37:00;0
46179;46179;ACIDENTE;SANTA FÉ DO SUL;SP;SILT;16/07/2012;12:00:00;0
46191;46191;INCIDENTE;MACAÉ;RJ;SBME;16/07/2012;11:42:00;0
46653;46653;INCIDENTE;CAMPINAS;SP;****;17/07/2012;23:14:00;0
46671;46671;INCIDENTE;BOA VISTA;RR;SBBV;17/07/2012;12:20:00;0
46192;46192;INCIDENTE;DOURADOS;MS;SSDO;20/07/2012;10:02:00;0
46187;46187;INCIDENTE GRAVE;BARRO DURO;PI;****;21/07/2012;11:35:00;4
46170;46170;ACIDENTE;BEBEDOURO;SP;SDBB;22/07/2012;16:00:00;2
46214;46214;INCIDENTE;MACAÉ;RJ;****;22/07/2012;19:21:00;0
46181;46181;INCIDENTE GRAVE;JUNDIAÍ;SP;SBJD;23/07/2012;19:00:00;0
46193;46193;INCIDENTE;UIRAMUTÃ;RR;****;23/07/2012;13:20:00;0
46171;46171;ACIDENTE;MARICÁ;RJ;****;24/07/2012;19:15:00;0
46172;46172;ACIDENTE;RIO DE JANEIRO;RJ;****;24/07/2012;19:10:00;1
46194;46194;INCIDENTE;MACAÉ;RJ;****;24/07/2012;13:40:00;0
46210;46210;INCIDENTE;MACAÉ;RJ;****;25/07/2012;16:20:00;0
46211;46211;INCIDENTE;PARAUAPEBAS;PA;SBCJ;26/07/2012;17:20:00;0
46212;46212;INCIDENTE;CURITIBA;PR;SBCT;26/07/2012;23:10:00;0
46339;46339;ACIDENTE;CARAGUATATUBA;SP;****;26/07/2012;12:00:00;0
46173;46173;ACIDENTE;IPIGUÁ;SP;****;28/07/2012;16:30:00;0
46198;46198;INCIDENTE;PIRACICABA;SP;SDPW;28/07/2012;16:00:00;0
46202;46202;ACIDENTE;JUIZ DE FORA;MG;****;28/07/2012;10:45:00;1
52060;52060;INCIDENTE;NAVIRAÍ;MS;SSNB;28/07/2012;19:00:00;0
46188;46188;INCIDENTE GRAVE;JUNDIAÍ;SP;SBJD;29/07/2012;14:46:00;0
46195;46195;INCIDENTE;SÃO PAULO;SP;****;29/07/2012;15:05:00;0
46215;46215;INCIDENTE;MACAÉ;RJ;****;30/07/2012;16:15:00;0
46213;46213;INCIDENTE;CURITIBA;PR;****;31/07/2012;12:21:00;0
46201;46201;ACIDENTE;ALTO ALEGRE;RR;****;01/08/2012;16:20:00;1
46217;46217;INCIDENTE;BRASÍLIA;DF;****;01/08/2012;10:33:00;0
46218;46218;INCIDENTE;BELO HORIZONTE;MG;SBBH;01/08/2012;12:49:00;0
46200;46200;ACIDENTE;GOIÂNIA;GO;SBNV;02/08/2012;12:40:00;0
46216;46216;INCIDENTE;JUNDIAÍ;SP;SBJD;03/08/2012;20:00:00;0
46209;46209;INCIDENTE GRAVE;ALTAMIRA;PA;****;04/08/2012;10:10:00;2
46522;46522;INCIDENTE;SOROCABA;SP;SDCO;04/08/2012;23:00:00;0
46199;46199;ACIDENTE;TEFÉ;AM;****;05/08/2012;15:00:00;3
46219;46219;INCIDENTE;BRASÍLIA;DF;SBBR;06/08/2012;22:02:00;4
46682;46682;INCIDENTE;SALVADOR;BA;SBSV;06/08/2012;12:15:00;0
46261;46261;ACIDENTE;PORTO SEGURO;BA;SBPS;08/08/2012;18:50:00;1
46280;46280;INCIDENTE GRAVE;SÃO SEPÉ;RS;****;08/08/2012;20:00:00;0
46299;46299;INCIDENTE;TATUÍ;SP;SDTF;08/08/2012;15:00:00;0
46300;46300;INCIDENTE;MOSSORÓ;RN;SBMS;08/08/2012;14:30:00;2
46681;46681;INCIDENTE;BELÉM;PA;SBBE;08/08/2012;22:59:00;0
52061;52061;INCIDENTE;MANAUS;AM;SBEG;08/08/2012;10:32:00;0
52062;52062;INCIDENTE;RIO DE JANEIRO;RJ;SBGL;09/08/2012;19:12:00;0
46281;46281;INCIDENTE GRAVE;MANAUS;AM;SWFN;10/08/2012;12:20:00;1
46282;46282;INCIDENTE GRAVE;COARI;AM;SWKO;12/08/2012;12:20:00;0
46298;46298;INCIDENTE;CASCAVEL;PR;SBCA;12/08/2012;18:00:00;0
46347;46347;INCIDENTE;JUNDIAÍ;SP;SBJD;12/08/2012;15:15:00;0
46260;46260;ACIDENTE;TARUMIRIM;MG;****;14/08/2012;19:50:00;1
46297;46297;INCIDENTE;CONFINS;MG;****;14/08/2012;18:22:00;0
46279;46279;INCIDENTE GRAVE;ITÁPOLIS;SP;SDIO;15/08/2012;20:40:00;0
46672;46672;INCIDENTE;COARI;AM;SBUY;15/08/2012;20:33:00;0
52063;52063;INCIDENTE;CABO FRIO;RJ;SBCB;15/08/2012;15:00:00;0
46253;46253;ACIDENTE;ATIBAIA;SP;SDTB;16/08/2012;14:45:00;0
46259;46259;ACIDENTE;CAMPINAS;SP;SDAM;17/08/2012;15:10:00;0
46263;46263;INCIDENTE GRAVE;RIO DE JANEIRO;RJ;SBJR;17/08/2012;15:15:00;3
46336;46336;ACIDENTE;ATIBAIA;SP;****;17/08/2012;18:10:00;0
46345;46345;INCIDENTE;CAMPINAS;SP;SDAM;17/08/2012;15:05:00;0
46255;46255;ACIDENTE;SANTA BÁRBARA D'OESTE;SP;****;18/08/2012;12:40:00;2
52064;52064;INCIDENTE;RIO BRANCO;AC;SBRB;18/08/2012;22:00:00;0
46258;46258;ACIDENTE;ITAQUAQUECETUBA;SP;****;19/08/2012;18:05:00;0
46301;46301;INCIDENTE;TERESINA;PI;SBTE;19/08/2012;09:40:00;0
46346;46346;INCIDENTE;SÃO PAULO;SP;****;19/08/2012;18:30:00;0
46256;46256;ACIDENTE;BELO HORIZONTE;MG;SBPR;20/08/2012;17:50:00;3
46264;46264;INCIDENTE GRAVE;COROMANDEL;MG;****;20/08/2012;17:40:00;0
46302;46302;INCIDENTE;CASCAVEL;PR;SBCA;20/08/2012;16:55:00;0
46344;46344;INCIDENTE;BODOQUENA;MS;****;20/08/2012;05:50:00;0
46257;46257;ACIDENTE;JURUÁ;AM;****;21/08/2012;18:50:00;0
46348;46348;INCIDENTE;SÃO PAULO;SP;SBSP;21/08/2012;00:30:00;0
46435;46435;ACIDENTE;PALMEIRA;PR;****;21/08/2012;20:15:00;3
46688;46688;INCIDENTE;LONDRINA;PR;SBLO;21/08/2012;23:00:00;0
46846;46846;ACIDENTE;RIO DE JANEIRO;RJ;****;21/08/2012;22:35:00;0
46436;46436;ACIDENTE;ARAGUAÍNA;TO;****;22/08/2012;13:00:00;0
46444;46444;ACIDENTE;PAUINI;AM;SWUI;22/08/2012;18:51:00;3
46349;46349;INCIDENTE;GOIÂNIA;GO;SBGO;23/08/2012;00:00:00;0
46296;46296;INCIDENTE;SÃO PAULO;SP;SBMT;25/08/2012;21:10:00;0
46437;46437;ACIDENTE;ÁGUA CLARA;MS;****;25/08/2012;11:30:00;2
46350;46350;INCIDENTE;BRASÍLIA;DF;SBBR;28/08/2012;18:30:00;0
46451;46451;INCIDENTE GRAVE;CAMPINAS;SP;SDAM;30/08/2012;19:25:00;1
46310;46310;ACIDENTE;ANGRA DOS REIS;RJ;****;31/08/2012;18:40:00;0
46680;46680;INCIDENTE;SANTARÉM;PA;SBSN;31/08/2012;12:10:00;0
46686;46686;INCIDENTE;CAMPINA GRANDE;PB;SNKB;01/09/2012;12:10:00;0
46312;46312;INCIDENTE;CONFINS;MG;SBCF;02/09/2012;10:55:00;0
46342;46342;INCIDENTE;UBATUBA;SP;****;03/09/2012;16:40:00;0
52065;52065;INCIDENTE;BELO HORIZONTE;MG;SBBH;03/09/2012;16:30:00;0
46311;46311;INCIDENTE GRAVE;PORTO ALEGRE;RS;SSBN;05/09/2012;11:50:00;0
46520;46520;INCIDENTE;RIO DE JANEIRO;RJ;SBJR;06/09/2012;16:27:00;0
46684;46684;INCIDENTE;SALVADOR;BA;SBSV;06/09/2012;19:45:00;0
46308;46308;ACIDENTE;MIRANDA;MS;****;07/09/2012;19:10:00;0
46418;46418;ACIDENTE;GUIRATINGA;MT;****;07/09/2012;13:30:00;0
52066;52066;INCIDENTE;PRESIDENTE PRUDENTE;SP;SBDN;08/09/2012;15:50:00;0
46306;46306;INCIDENTE GRAVE;JUNDIAÍ;SP;SBJD;09/09/2012;12:00:00;0
46309;46309;ACIDENTE;MACAPÁ;AP;****;09/09/2012;21:12:00;0
50831;50831;ACIDENTE;ACREÚNA;GO;****;09/09/2012;20:00:00;1
46337;46337;ACIDENTE;ALTO PARAÍSO DE GOIÁS;GO;SDXF;12/09/2012;12:00:00;0
46338;46338;ACIDENTE;BALSAS;MA;****;12/09/2012;20:50:00;0
46307;46307;ACIDENTE;GUARULHOS;SP;SBGR;13/09/2012;01:30:00;0
46685;46685;INCIDENTE;SALVADOR;BA;SBSV;14/09/2012;20:07:00;0
52067;52067;INCIDENTE;BOA VISTA;RR;SBBV;14/09/2012;15:15:00;0
46358;46358;INCIDENTE;FORTALEZA;CE;SBFZ;15/09/2012;22:44:00;0
46371;46371;INCIDENTE;ITUPEVA;SP;****;15/09/2012;17:30:00;0
46340;46340;INCIDENTE GRAVE;UBERLÂNDIA;MG;SBUL;16/09/2012;17:40:00;0
52068;52068;INCIDENTE;JUNDIAÍ;SP;SBJD;16/09/2012;22:03:00;0
46691;46691;INCIDENTE;RIO GRANDE;RS;****;17/09/2012;11:00:00;0
46341;46341;INCIDENTE;BACABAL;MA;****;18/09/2012;10:24:00;0
46359;46359;INCIDENTE;VITÓRIA;ES;SBVT;18/09/2012;17:00:00;0
46362;46362;INCIDENTE;BELO HORIZONTE;MG;SBBH;18/09/2012;20:00:00;0
46519;46519;INCIDENTE;PORTO ALEGRE;RS;SBPA;18/09/2012;18:32:00;0
46354;46354;ACIDENTE;ITAMARAJU;BA;****;19/09/2012;23:00:00;0
46652;46652;INCIDENTE;VÁRZEA GRANDE;MT;SBCY;19/09/2012;23:50:00;0
46689;46689;INCIDENTE;LONDRINA;PR;SBLO;20/09/2012;18:25:00;0
46373;46373;INCIDENTE GRAVE;PARAUAPEBAS;PA;****;21/09/2012;11:55:00;1
46655;46655;INCIDENTE;RIO DE JANEIRO;RJ;SBGL;21/09/2012;20:58:00;0
46356;46356;ACIDENTE;TAPIRAMUTÁ;BA;****;22/09/2012;15:50:00;3
46377;46377;INCIDENTE;RIO BRANCO;AC;SBRB;22/09/2012;13:25:00;0
46378;46378;INCIDENTE GRAVE;BARREIRAS;BA;SNDH;22/09/2012;16:40:00;0
46379;46379;INCIDENTE;RIO DE JANEIRO;RJ;SBGL;22/09/2012;09:15:00;0
46523;46523;INCIDENTE;BELO HORIZONTE;MG;SBBH;22/09/2012;14:14:00;0
46411;46411;ACIDENTE;BELÉM;PA;SBBE;23/09/2012;18:35:00;1
46452;46452;INCIDENTE;LONDRINA;PR;SBLO;23/09/2012;21:26:00;0
46477;46477;INCIDENTE;CRUZEIRO DO SUL;AC;****;23/09/2012;19:40:00;0
46521;46521;INCIDENTE;JUNDIAÍ;SP;SBJD;23/09/2012;13:30:00;0
46368;46368;ACIDENTE;SÃO PAULO;SP;****;24/09/2012;11:00:00;0
46412;46412;ACIDENTE;ILHÉUS;BA;SBIL;24/09/2012;01:55:00;0
46413;46413;ACIDENTE;UBERLÂNDIA;MG;SJPT;24/09/2012;17:00:00;0
46417;46417;ACIDENTE;LONDRINA;PR;SSOK;24/09/2012;17:10:00;0
46419;46419;ACIDENTE;CANTÁ;RR;****;24/09/2012;08:00:00;0
46450;46450;INCIDENTE GRAVE;NOVO ARIPUANÃ;AM;****;24/09/2012;13:30:00;0
46414;46414;ACIDENTE;UBATUBA;SP;****;25/09/2012;15:00:00;0
46415;46415;ACIDENTE;FOZ DO IGUAÇU;PR;SSHS;25/09/2012;14:35:00;2
46453;46453;INCIDENTE;NAVEGANTES;SC;SBNF;25/09/2012;13:00:00;0
46478;46478;INCIDENTE;RIO DE JANEIRO;RJ;SBRJ;25/09/2012;21:55:00;0
46454;46454;INCIDENTE;BOA VISTA;RR;SBBV;26/09/2012;10:00:00;0
46455;46455;INCIDENTE;RIO DE JANEIRO;RJ;****;26/09/2012;13:37:00;0
46456;46456;INCIDENTE;SALVADOR;BA;SBSV;27/09/2012;22:30:00;0
46416;46416;ACIDENTE;SÃO BORJA;RS;SSSB;28/09/2012;21:38:00;0
46446;46446;INCIDENTE GRAVE;CASCAVEL;PR;SBCA;28/09/2012;17:30:00;1
46495;46495;INCIDENTE;CURITIBA;PR;****;28/09/2012;15:00:00;0
46515;46515;INCIDENTE;RECIFE;PE;SBRF;28/09/2012;23:15:00;0
46516;46516;INCIDENTE;BRASÍLIA;DF;****;29/09/2012;20:50:00;0
46517;46517;INCIDENTE;SÃO PAULO;SP;SBMT;30/09/2012;23:00:00;0
46473;46473;INCIDENTE;CAMPOS DOS GOYTACAZES;RJ;SBCP;01/10/2012;22:19:00;0
46438;46438;INCIDENTE GRAVE;ARTUR NOGUEIRA;SP;****;02/10/2012;11:10:00;0
46434;46434;ACIDENTE;JUQUIÁ;SP;****;03/10/2012;11:00:00;3
46439;46439;INCIDENTE GRAVE;PORTO ALEGRE;RS;SSBN;03/10/2012;16:33:00;0
46443;46443;INCIDENTE GRAVE;TEFÉ;AM;SBTF;03/10/2012;12:35:00;1
46518;46518;INCIDENTE;PORTO ALEGRE;RS;SBPA;03/10/2012;11:40:00;0
46695;46695;INCIDENTE;VITÓRIA;ES;SBVT;03/10/2012;19:40:00;0
46479;46479;INCIDENTE;LONDRINA;PR;SBLO;04/10/2012;22:05:00;0
50693;50693;ACIDENTE;GURINHATÃ;MG;****;04/10/2012;18:00:00;0
46474;46474;INCIDENTE;GUARULHOS;SP;SBGR;05/10/2012;19:38:00;0
46476;46476;INCIDENTE;RIO DE JANEIRO;RJ;SBRJ;05/10/2012;18:00:00;0
46480;46480;INCIDENTE;GOIÂNIA;GO;SBGO;05/10/2012;17:09:00;0
46445;46445;INCIDENTE GRAVE;CATANDUVA;SP;SDCD;07/10/2012;15:30:00;3
46432;46432;ACIDENTE;SANTA CRUZ DO ARARI;PA;****;08/10/2012;13:30:00;3
46475;46475;INCIDENTE;CAMPO GRANDE;MS;SBCG;09/10/2012;17:22:00;0
46481;46481;INCIDENTE;BELO HORIZONTE;MG;SBBH;09/10/2012;21:27:00;0
46433;46433;INCIDENTE;MARICÁ;RJ;****;10/10/2012;20:33:00;0
46449;46449;ACIDENTE;PORTO ALEGRE;RS;SBPA;10/10/2012;19:13:00;0
46471;46471;INCIDENTE;CARAUARI;AM;SWCA;10/10/2012;15:30:00;0
46472;46472;INCIDENTE;JOÃO PESSOA;PB;SBJP;10/10/2012;17:59:00;0
46448;46448;INCIDENTE GRAVE;CALDAS NOVAS;GO;****;11/10/2012;11:00:00;0
46484;46484;INCIDENTE;BRASÍLIA;DF;SBBR;11/10/2012;16:45:00;0
46696;46696;INCIDENTE;CAMPOS DOS GOYTACAZES;RJ;****;11/10/2012;12:50:00;0
46431;46431;ACIDENTE;CAMPINAS;SP;SBKP;13/10/2012;22:55:00;0
46571;46571;ACIDENTE;LONDRINA;PR;****;13/10/2012;21:40:00;0
46594;46594;INCIDENTE GRAVE;POÇOS DE CALDAS;MG;SBPC;13/10/2012;21:05:00;0
46485;46485;INCIDENTE;PORTO SEGURO;BA;SBPS;14/10/2012;20:40:00;0
46486;46486;INCIDENTE;TERESINA;PI;SBTE;14/10/2012;00:09:00;0
50712;50712;ACIDENTE;AMERICANA;SP;SDAI;14/10/2012;20:30:00;0
46613;46613;INCIDENTE;SÃO PAULO;SP;SBMT;15/10/2012;17:42:00;0
46487;46487;INCIDENTE;BRASÍLIA;DF;SBBR;16/10/2012;20:00:00;0
46650;46650;INCIDENTE;CAMPINAS;SP;SBKP;17/10/2012;11:35:00;0
46674;46674;INCIDENTE;RONDONÓPOLIS;MT;SWRD;17/10/2012;20:40:00;0
46581;46581;ACIDENTE;CAMPINA GRANDE DO SUL;PR;****;18/10/2012;21:00:00;0
46514;46514;ACIDENTE;CAMPO GRANDE;MS;****;20/10/2012;15:00:00;0
46648;46648;INCIDENTE;FLORIANÓPOLIS;SC;SBFL;20/10/2012;11:12:00;0
46649;46649;INCIDENTE;CAMPINAS;SP;****;20/10/2012;22:43:00;0
46625;46625;INCIDENTE;PALMAS;TO;SBPJ;21/10/2012;16:40:00;0
46577;46577;INCIDENTE;CAMETÁ;PA;****;22/10/2012;18:38:00;0
46513;46513;ACIDENTE;SÃO SEBASTIÃO DA BOA VISTA;PA;****;23/10/2012;12:40:00;0
46647;46647;INCIDENTE;PORTO ALEGRE;RS;SBPA;23/10/2012;10:01:00;0
46497;46497;ACIDENTE;PORTO ALEGRE;RS;SSBN;24/10/2012;12:05:00;0
46574;46574;INCIDENTE;BRASÍLIA;DF;SBBR;24/10/2012;22:50:00;0
46498;46498;ACIDENTE;SENTO SÉ;BA;****;25/10/2012;13:00:00;1
46512;46512;ACIDENTE;JABOTICABAL;SP;****;25/10/2012;15:00:00;0
46675;46675;INCIDENTE;VITÓRIA DA CONQUISTA;BA;SBQV;25/10/2012;11:00:00;0
46676;46676;INCIDENTE;CARLOS CHAGAS;MG;****;25/10/2012;17:48:00;0
52069;52069;INCIDENTE;RIO DE JANEIRO;RJ;SBJR;25/10/2012;18:33:00;0
46698;46698;INCIDENTE;CABO FRIO;RJ;SBCB;26/10/2012;15:42:00;0
46499;46499;ACIDENTE;CAMPINA VERDE;MG;****;27/10/2012;19:30:00;0
46624;46624;INCIDENTE;GOIÂNIA;GO;SBGO;27/10/2012;12:00:00;0
46639;46639;INCIDENTE;RIO DE JANEIRO;RJ;SBRJ;27/10/2012;22:00:00;0
46677;46677;INCIDENTE;GUARULHOS;SP;SBGR;27/10/2012;21:12:00;0
52070;52070;INCIDENTE;RIO BRANCO;AC;SBRB;27/10/2012;16:15:00;0
46576;46576;INCIDENTE GRAVE;IPATINGA;MG;SBIP;28/10/2012;17:30:00;0
46679;46679;INCIDENTE;SANTANA DO ARAGUAIA;PA;SNKE;28/10/2012;11:30:00;0
46575;46575;INCIDENTE;RECIFE;PE;SBRF;29/10/2012;02:45:00;0
46699;46699;INCIDENTE;MACAÉ;RJ;****;29/10/2012;19:10:00;0
46822;46822;INCIDENTE;ROSÁRIO OESTE;MT;****;29/10/2012;11:00:00;0
46496;46496;ACIDENTE;SOROCABA;SP;****;31/10/2012;16:30:00;0
46562;46562;ACIDENTE;CANARANA;MT;****;31/10/2012;10:05:00;0
46582;46582;ACIDENTE;CHAPADA DOS GUIMARÃES;MT;****;01/11/2012;19:49:00;1
46597;46597;INCIDENTE;MARABÁ;PA;SBMA;01/11/2012;16:20:00;0
46604;46604;INCIDENTE;BRASÍLIA;DF;SBBR;01/11/2012;18:00:00;0
46563;46563;ACIDENTE;ARUANÃ;GO;****;02/11/2012;12:00:00;1
46572;46572;INCIDENTE GRAVE;CURITIBA;PR;SBBI;02/11/2012;12:26:00;0
46589;46589;ACIDENTE;RECIFE;PE;SNEM;02/11/2012;14:30:00;0
46564;46564;ACIDENTE;GOIÂNIA;GO;SBNV;03/11/2012;16:50:00;0
46588;46588;ACIDENTE;BALNEÁRIO CAMBORIÚ;SC;****;03/11/2012;14:00:00;0
46565;46565;ACIDENTE;COTEGIPE;BA;****;04/11/2012;20:00:00;0
46683;46683;INCIDENTE;VITÓRIA DA CONQUISTA;BA;SBQV;04/11/2012;14:06:00;0
46566;46566;ACIDENTE;LUZIÂNIA;GO;SWUZ;05/11/2012;11:55:00;0
46573;46573;INCIDENTE GRAVE;SANTO ÂNGELO;RS;SBNM;05/11/2012;20:40:00;0
46673;46673;INCIDENTE;MACEIÓ;AL;SBMO;05/11/2012;14:48:00;0
46583;46583;ACIDENTE;ALMIRANTE TAMANDARÉ;PR;****;06/11/2012;21:30:00;9
46567;46567;ACIDENTE;ALFENAS;MG;****;07/11/2012;16:15:00;0
46592;46592;ACIDENTE;QUERÊNCIA;MT;SNGV;07/11/2012;18:00:00;0
46568;46568;ACIDENTE;ALEGRETE;RS;****;08/11/2012;11:00:00;0
46569;46569;ACIDENTE;ALTÔNIA;PR;****;08/11/2012;19:00:00;0
46584;46584;ACIDENTE;ARAPUTANGA;MT;SWYH;08/11/2012;12:10:00;0
46694;46694;INCIDENTE;MONTES CLAROS;MG;****;09/11/2012;13:15:00;0
46713;46713;INCIDENTE;GOIÂNIA;GO;SBGO;09/11/2012;11:48:00;0
46570;46570;ACIDENTE;SÃO PAULO;SP;SBSP;11/11/2012;19:21:00;2
52071;52071;INCIDENTE;MACAÉ;RJ;****;11/11/2012;18:00:00;0
46651;46651;INCIDENTE;CURITIBA;PR;****;12/11/2012;18:50:00;0
46585;46585;ACIDENTE;BAGÉ;RS;SIBK;13/11/2012;18:30:00;1
46598;46598;INCIDENTE;PELOTAS;RS;SBPK;13/11/2012;12:00:00;0
46633;46633;ACIDENTE;ABADIA DE GOIÁS;GO;****;15/11/2012;12:40:00;0
46586;46586;ACIDENTE;URUAÇU;GO;****;16/11/2012;11:50:00;0
46605;46605;INCIDENTE;CAMPO GRANDE;MS;SBCG;17/11/2012;11:30:00;0
46614;46614;INCIDENTE;BRASÍLIA;DF;SBBR;18/11/2012;22:41:00;0
46587;46587;ACIDENTE;CAMPO GRANDE;MS;SBCG;19/11/2012;15:45:00;0
46599;46599;INCIDENTE;AGUDOS;SP;****;19/11/2012;16:57:00;0
46606;46606;INCIDENTE;VÁRZEA GRANDE;MT;SBCY;19/11/2012;18:05:00;0
46687;46687;INCIDENTE;PELOTAS;RS;SBPK;19/11/2012;11:55:00;0
46692;46692;INCIDENTE;CAMPOS DOS GOYTACAZES;RJ;****;19/11/2012;18:42:00;0
46600;46600;INCIDENTE;SÃO PAULO;SP;SBMT;20/11/2012;15:40:00;0
46616;46616;INCIDENTE;VITÓRIA;ES;SBVT;20/11/2012;10:34:00;0
46591;46591;ACIDENTE;RIO DE JANEIRO;RJ;****;21/11/2012;11:47:00;0
46618;46618;INCIDENTE;BRASÍLIA;DF;SBBR;21/11/2012;18:31:00;0
46629;46629;INCIDENTE;ALIANÇA DO TOCANTINS;TO;****;21/11/2012;12:00:00;0
46693;46693;INCIDENTE;RIO LARGO;AL;****;21/11/2012;13:10:00;0
46590;46590;ACIDENTE;MARICÁ;RJ;SDMC;22/11/2012;11:45:00;0
46615;46615;INCIDENTE;SÃO LUÍS;MA;SBSL;22/11/2012;09:50:00;0
46593;46593;ACIDENTE;AMERICANA;SP;SDAI;23/11/2012;21:00:00;0
46602;46602;INCIDENTE;PINHEIRO;MA;SNYE;23/11/2012;20:55:00;0
46612;46612;ACIDENTE;CAMPINA GRANDE;PB;****;23/11/2012;14:47:00;0
46617;46617;INCIDENTE;SÃO PAULO;SP;SBMT;23/11/2012;20:00:00;0
46603;46603;INCIDENTE;SÃO PAULO;SP;SBMT;24/11/2012;12:33:00;0
46714;46714;INCIDENTE;CURITIBA;PR;SBBI;25/11/2012;19:33:00;0
46628;46628;INCIDENTE;GOIÂNIA;GO;SBGO;26/11/2012;15:05:00;0
46715;46715;INCIDENTE;LONDRINA;PR;SBLO;26/11/2012;17:48:00;0
46716;46716;INCIDENTE;CAMPINAS;SP;SBKP;27/11/2012;00:11:00;0
46723;46723;INCIDENTE;LONDRINA;PR;SBLO;27/11/2012;17:31:00;0
52072;52072;INCIDENTE;BELO HORIZONTE;MG;SBBH;27/11/2012;22:05:00;0
46601;46601;INCIDENTE;CAMPINAS;SP;SBKP;28/11/2012;07:15:00;0
46626;46626;INCIDENTE;ITAJUBÁ;MG;SNHH;29/11/2012;19:32:00;0
46627;46627;INCIDENTE;BELO HORIZONTE;MG;SBBH;29/11/2012;17:25:00;0
46710;46710;ACIDENTE;VILA VELHA;ES;****;29/11/2012;10:40:00;0
46717;46717;INCIDENTE;LONDRINA;PR;SBLO;29/11/2012;23:35:00;0
46758;46758;INCIDENTE;MANAUS;AM;SBEG;29/11/2012;18:20:00;0
46630;46630;ACIDENTE;JAÚ;SP;SDMV;01/12/2012;20:30:00;0
46640;46640;INCIDENTE;PALMAS;TO;SBPJ;01/12/2012;04:00:00;0
46718;46718;INCIDENTE;FORTALEZA;CE;****;01/12/2012;16:33:00;0
46638;46638;INCIDENTE;MANAUS;AM;SBEG;02/12/2012;15:00:00;0
46707;46707;INCIDENTE;GOIÂNIA;GO;SBGO;02/12/2012;16:01:00;0
46719;46719;INCIDENTE;CONFINS;MG;SBCF;02/12/2012;13:55:00;0
46720;46720;INCIDENTE;GOIÂNIA;GO;SBGO;04/12/2012;10:30:00;0
46706;46706;INCIDENTE;RIO DE JANEIRO;RJ;SBJR;05/12/2012;17:40:00;1
46748;46748;ACIDENTE;JUSCIMEIRA;MT;****;05/12/2012;12:30:00;0
46708;46708;ACIDENTE;ITAQUI;RS;****;06/12/2012;16:30:00;0
46712;46712;INCIDENTE GRAVE;BELÉM;PA;SBJC;06/12/2012;15:15:00;0
46721;46721;INCIDENTE;GUARULHOS;SP;SBGR;06/12/2012;18:20:00;0
46747;46747;ACIDENTE;SORRISO;MT;****;06/12/2012;20:00:00;1
46735;46735;ACIDENTE;POCONÉ;MT;****;07/12/2012;20:00:00;0
46746;46746;ACIDENTE;PRIMAVERA DO LESTE;MT;SWPY;07/12/2012;14:30:00;1
46765;46765;INCIDENTE;RIO DE JANEIRO;RJ;SBGL;07/12/2012;01:00:00;0
46722;46722;INCIDENTE;JUNDIAÍ;SP;SBJD;08/12/2012;10:20:00;0
46845;46845;ACIDENTE;FELIXLÂNDIA;MG;****;08/12/2012;19:56:00;0
46703;46703;ACIDENTE;OLIVEIRA;MG;****;10/12/2012;18:50:00;0
46752;46752;ACIDENTE;SANTA VITÓRIA DO PALMAR;RS;****;10/12/2012;10:30:00;1
46766;46766;INCIDENTE;RIO DE JANEIRO;RJ;SBJR;10/12/2012;17:00:00;0
46789;46789;INCIDENTE;PORTO ALEGRE;RS;SBPA;10/12/2012;19:45:00;0
46702;46702;ACIDENTE;GOIÂNIA;GO;SBNV;11/12/2012;17:00:00;0
46704;46704;ACIDENTE;IBIÁ;MG;****;12/12/2012;18:00:00;0
46705;46705;INCIDENTE GRAVE;JUIZ DE FORA;MG;SBJF;12/12/2012;17:50:00;0
46754;46754;INCIDENTE GRAVE;SOURE;PA;SNSW;12/12/2012;20:10:00;0
46790;46790;INCIDENTE;SÃO PAULO;SP;SBSP;12/12/2012;15:00:00;0
46751;46751;ACIDENTE;URUGUAIANA;RS;SJDU;13/12/2012;22:00:00;2
46767;46767;INCIDENTE;RIO DE JANEIRO;RJ;SBJR;13/12/2012;15:13:00;0
46768;46768;INCIDENTE;GOIÂNIA;GO;SBGO;13/12/2012;18:21:00;0
46759;46759;INCIDENTE;MACAÉ;RJ;SBME;15/12/2012;20:00:00;0
46734;46734;ACIDENTE;SÃO PAULO;SP;****;16/12/2012;20:00:00;2
46749;46749;INCIDENTE;RIO DE JANEIRO;RJ;****;16/12/2012;01:20:00;0
46823;46823;INCIDENTE GRAVE;ROSÁRIO DO SUL;RS;SSRZ;16/12/2012;22:30:00;1
46763;46763;INCIDENTE;RIO BRANCO;AC;SBRB;18/12/2012;14:01:00;0
46753;46753;ACIDENTE;ITÁPOLIS;SP;****;20/12/2012;13:30:00;2
46756;46756;INCIDENTE GRAVE;CAMPINAS;SP;SDAM;20/12/2012;09:55:00;0
46750;46750;ACIDENTE;IPIRANGA DO NORTE;MT;****;21/12/2012;17:30:00;0
46755;46755;INCIDENTE GRAVE;RIBEIRÃO PRETO;SP;SBRP;21/12/2012;09:43:00;0
46760;46760;INCIDENTE;CONFINS;MG;****;21/12/2012;01:40:00;0
46761;46761;INCIDENTE;BRAGANÇA PAULISTA;SP;SBBP;21/12/2012;14:30:00;0
46762;46762;INCIDENTE;BRAGANÇA PAULISTA;SP;SBBP;21/12/2012;19:15:00;0
46764;46764;INCIDENTE;IPIXUNA;AM;****;22/12/2012;19:10:00;0
46842;46842;ACIDENTE;ITUIUTABA;MG;****;22/12/2012;21:30:00;0
46844;46844;ACIDENTE;GURUPÁ;PA;SNGU;22/12/2012;19:00:00;0
46757;46757;INCIDENTE;CAMPINAS;SP;****;23/12/2012;15:20:00;0
46791;46791;INCIDENTE;VÁRZEA GRANDE;MT;SBCY;25/12/2012;18:47:00;0
46792;46792;INCIDENTE;PORTO ALEGRE;RS;SBPA;26/12/2012;21:40:00;0
46840;46840;ACIDENTE;PARÁ DE MINAS;MG;****;26/12/2012;21:50:00;2
46788;46788;INCIDENTE;BOA VISTA;RR;SBBV;27/12/2012;17:25:00;0
46841;46841;ACIDENTE;ANGRA DOS REIS;RJ;SDMC;27/12/2012;16:03:00;0
52073;52073;INCIDENTE;SÃO SEBASTIÃO;SP;****;27/12/2012;20:30:00;0
46793;46793;INCIDENTE;SÃO PAULO;SP;****;28/12/2012;16:30:00;0
46780;46780;ACIDENTE;SANTA FÉ DO SUL;SP;****;29/12/2012;21:00:00;0
46814;46814;INCIDENTE;BELO HORIZONTE;MG;SBBH;29/12/2012;15:10:00;0
46839;46839;ACIDENTE;RIO DE JANEIRO;RJ;****;29/12/2012;19:00:00;0
46910;46910;INCIDENTE;UBATUBA;SP;****;29/12/2012;20:00:00;0
46787;46787;INCIDENTE;FORTALEZA;CE;SBFZ;30/12/2012;12:55:00;0
46781;46781;ACIDENTE;SONORA;MS;****;31/12/2012;10:30:00;0
46811;46811;INCIDENTE;RIO DE JANEIRO;RJ;SBGL;01/01/2013;04:45:00;0
46861;46861;ACIDENTE;VIAMÃO;RS;****;02/01/2013;16:45:00;0
46980;46980;ACIDENTE;LUZIÂNIA;GO;****;02/01/2013;20:50:00;0
46782;46782;INCIDENTE;RIBEIRÃO PRETO;SP;SBRP;03/01/2013;20:00:00;0
46857;46857;ACIDENTE;CARAGUATATUBA;SP;****;03/01/2013;16:00:00;0
46783;46783;INCIDENTE;BELO HORIZONTE;MG;SBBH;04/01/2013;16:05:00;0
46784;46784;INCIDENTE;CAMPINAS;SP;SBKP;05/01/2013;21:00:00;0
46785;46785;INCIDENTE;RIBEIRÃO PRETO;SP;SBRP;05/01/2013;10:00:00;0
46786;46786;INCIDENTE;CAMPINAS;SP;SBKP;05/01/2013;01:00:00;0
46812;46812;INCIDENTE;RIO DE JANEIRO;RJ;SBJR;05/01/2013;16:25:00;0
46855;46855;ACIDENTE;LUCAS DO RIO VERDE;MT;****;05/01/2013;14:30:00;1
46813;46813;INCIDENTE;TERESINA;PI;SBTE;07/01/2013;13:36:00;0
46819;46819;INCIDENTE;BRASÍLIA;DF;SBBR;07/01/2013;20:58:00;0
46821;46821;INCIDENTE;PONTA PORÃ;MS;SBPP;07/01/2013;16:33:00;0
46820;46820;INCIDENTE;MONTES CLAROS;MG;****;08/01/2013;00:50:00;0
46876;46876;INCIDENTE;BELO HORIZONTE;MG;SBBH;08/01/2013;18:53:00;0
46877;46877;INCIDENTE;GUARULHOS;SP;SBGR;09/01/2013;19:30:00;0
47143;47143;INCIDENTE;CAMPINAS;SP;SDAM;09/01/2013;13:00:00;0
46860;46860;ACIDENTE;RIO BRANCO;AC;SBRB;11/01/2013;16:30:00;0
46863;46863;INCIDENTE GRAVE;BOITUVA;SP;****;11/01/2013;21:50:00;0
46896;46896;INCIDENTE;RIO DE JANEIRO;RJ;****;11/01/2013;18:30:00;0
46885;46885;INCIDENTE;PRESIDENTE PRUDENTE;SP;SBDN;12/01/2013;13:00:00;0
46905;46905;INCIDENTE;ARACAJU;SE;****;12/01/2013;20:00:00;0
46864;46864;INCIDENTE GRAVE;CAMPO FLORIDO;MG;****;16/01/2013;18:29:00;2
46884;46884;INCIDENTE;CAMPINAS;SP;SBKP;16/01/2013;17:13:00;0
46856;46856;ACIDENTE;MARINGÁ;PR;SBMG;17/01/2013;12:10:00;1
46858;46858;ACIDENTE;PIRACICABA;SP;SDPW;18/01/2013;16:45:00;0
46881;46881;INCIDENTE;BIRITIBA-MIRIM;SP;SDIH;18/01/2013;18:10:00;0
46859;46859;ACIDENTE;CORNÉLIO PROCÓPIO;PR;****;19/01/2013;13:30:00;0
46866;46866;INCIDENTE;RIO DE JANEIRO;RJ;SBJR;19/01/2013;19:00:00;0
46878;46878;INCIDENTE;LONDRINA;PR;SBLO;19/01/2013;14:31:00;0
46879;46879;INCIDENTE;LONDRINA;PR;SBLO;19/01/2013;16:45:00;0
46883;46883;INCIDENTE;LAGES;SC;SBLJ;20/01/2013;23:05:00;0
47096;47096;INCIDENTE;CAMPINAS;SP;SBKP;20/01/2013;13:50:00;0
46854;46854;ACIDENTE;SÃO PAULO;SP;****;21/01/2013;14:48:00;1
46850;46850;ACIDENTE;CANARANA;MT;SWEK;22/01/2013;15:00:00;0
46868;46868;INCIDENTE;CAMPOS DOS GOYTACAZES;RJ;****;22/01/2013;14:20:00;0
46870;46870;INCIDENTE;VÁRZEA GRANDE;MT;SBCY;22/01/2013;01:36:00;0
46871;46871;ACIDENTE;LONDRINA;PR;SBLO;23/01/2013;21:08:00;0
46872;46872;ACIDENTE;LUÍS EDUARDO MAGALHÃES;BA;SSQZ;23/01/2013;13:15:00;0
46897;46897;INCIDENTE;PORTO ALEGRE;RS;SBPA;23/01/2013;17:00:00;0
46973;46973;ACIDENTE;PONTES E LACERDA;MT;****;23/01/2013;21:50:00;0
46852;46852;ACIDENTE;MANAUS;AM;SWFN;24/01/2013;20:15:00;0
46869;46869;INCIDENTE;SÃO JOSÉ DOS PINHAIS;PR;SBCT;24/01/2013;13:35:00;0
46853;46853;ACIDENTE;CAMPINA GRANDE;PB;SBJP;25/01/2013;14:20:00;5
46862;46862;ACIDENTE;BOITUVA;SP;****;25/01/2013;17:40:00;0
46865;46865;INCIDENTE GRAVE;GOIÂNIA;GO;SBGO;25/01/2013;13:55:00;1
46874;46874;INCIDENTE;MARABÁ PAULISTA;SP;SDNE;25/01/2013;11:15:00;0
46904;46904;INCIDENTE;CAMPOS DOS GOYTACAZES;RJ;SBCP;25/01/2013;09:20:00;0
46921;46921;INCIDENTE;GOIÂNIA;GO;SBGO;25/01/2013;13:26:00;0
46918;46918;INCIDENTE GRAVE;IPIXUNA;AM;****;26/01/2013;15:00:00;1
46873;46873;ACIDENTE;RECIFE;PE;SNEM;27/01/2013;11:30:00;1
46898;46898;INCIDENTE;MANAUS;AM;****;27/01/2013;16:27:00;0
47134;47134;ACIDENTE;SÃO JOSÉ DOS CAMPOS;SP;****;28/01/2013;14:30:00;0
46916;46916;ACIDENTE;ALEGRETE;RS;****;29/01/2013;19:20:00;1
46919;46919;INCIDENTE GRAVE;RESENDE;RJ;SDRS;30/01/2013;14:15:00;0
46972;46972;ACIDENTE;PORTO BELO;SC;****;31/01/2013;11:07:00;0
47060;47060;INCIDENTE;BRASÍLIA;DF;SBBR;31/01/2013;08:35:00;0
46922;46922;INCIDENTE;MANICORÉ;AM;SBMY;01/02/2013;19:15:00;0
46914;46914;ACIDENTE;MANAUS;AM;SWFN;02/02/2013;18:30:00;0
46969;46969;ACIDENTE;CÂNDIDO MOTA;SP;****;03/02/2013;23:10:00;2
46982;46982;INCIDENTE;BRASÍLIA;DF;SBBR;04/02/2013;19:10:00;0
47013;47013;ACIDENTE;QUERÊNCIA;MT;****;04/02/2013;12:20:00;0
47042;47042;INCIDENTE;CAMPOS DOS GOYTACAZES;RJ;****;04/02/2013;14:15:00;0
47111;47111;INCIDENTE;LONDRINA;PR;SBLO;04/02/2013;22:29:00;0
47200;47200;INCIDENTE;LONDRINA;PR;SBLO;04/02/2013;17:14:00;0
47014;47014;INCIDENTE GRAVE;SÃO LUÍS;MA;SBSL;05/02/2013;02:04:00;0
46977;46977;ACIDENTE;PORTO FELIZ;SP;****;06/02/2013;22:00:00;0
46984;46984;INCIDENTE;BARRETOS;SP;****;06/02/2013;18:45:00;0
47063;47063;INCIDENTE;CABO FRIO;RJ;SBCB;06/02/2013;17:25:00;0
47099;47099;INCIDENTE;CAMPINAS;SP;****;06/02/2013;20:45:00;0
46987;46987;INCIDENTE;SÃO PAULO;SP;SBMT;07/02/2013;13:15:00;0
47012;47012;ACIDENTE;CERES;GO;SWCZ;08/02/2013;19:15:00;0
47049;47049;INCIDENTE;MACAÉ;RJ;****;08/02/2013;18:30:00;0
47055;47055;INCIDENTE;RIO DE JANEIRO;RJ;SBGL;09/02/2013;14:00:00;0
47011;47011;ACIDENTE;CERES;GO;SWCZ;10/02/2013;21:00:00;0
47052;47052;INCIDENTE;MANAUS;AM;****;11/02/2013;12:30:00;0
47064;47064;INCIDENTE;BRASÍLIA;DF;SBBR;11/02/2013;12:28:00;0
47083;47083;INCIDENTE;CAMPOS DOS GOYTACAZES;RJ;****;11/02/2013;19:00:00;0
47019;47019;ACIDENTE;PASSO FUNDO;RS;SSAQ;12/02/2013;22:15:00;0
47065;47065;INCIDENTE;ILHÉUS;BA;SBIL;12/02/2013;17:36:00;0
47017;47017;ACIDENTE;ROSÁRIO DO SUL;RS;****;13/02/2013;12:00:00;0
47050;47050;INCIDENTE;BRASÍLIA;DF;****;13/02/2013;17:20:00;0
47056;47056;INCIDENTE;CAÇAPAVA;SP;SDIP;13/02/2013;15:30:00;0
47062;47062;INCIDENTE;SANTA MARIA;RS;SBSM;13/02/2013;15:45:00;0
47097;47097;INCIDENTE;CAMPINAS;SP;SBKP;14/02/2013;22:00:00;0
47015;47015;ACIDENTE;PERDIZES;MG;SIPU;16/02/2013;09:20:00;1
47016;47016;ACIDENTE;LAGUNA;SC;****;16/02/2013;18:10:00;0
47018;47018;ACIDENTE;FORMOSA;GO;****;16/02/2013;20:00:00;0
47023;47023;INCIDENTE GRAVE;UBATUBA;SP;SDUB;16/02/2013;15:00:00;0
47100;47100;INCIDENTE;PIRASSUNUNGA;SP;****;16/02/2013;09:20:00;0
47647;47647;ACIDENTE;ARAGUARI;MG;SNAG;16/02/2013;20:45:00;0
47025;47025;ACIDENTE;GUAPIAÇU;SP;****;17/02/2013;11:40:00;1
47112;47112;INCIDENTE;DIVINÓPOLIS;MG;SNDV;17/02/2013;15:00:00;0
47024;47024;ACIDENTE;GUARACI;SP;****;18/02/2013;15:15:00;0
47053;47053;INCIDENTE;MACAÉ;RJ;****;18/02/2013;15:35:00;0
47061;47061;INCIDENTE;CONFINS;MG;****;18/02/2013;10:30:00;0
47054;47054;INCIDENTE;RIO BRANCO;AC;SBRB;19/02/2013;14:06:00;0
47057;47057;INCIDENTE;RIBEIRÃO PRETO;SP;SBRP;21/02/2013;20:21:00;0
49115;49115;ACIDENTE;VILA PROPÍCIO;GO;****;21/02/2013;10:30:00;0
47047;47047;ACIDENTE;CHAPADA;RS;****;22/02/2013;10:30:00;2
47059;47059;INCIDENTE;BRASÍLIA;DF;SBBR;22/02/2013;14:42:00;0
47113;47113;INCIDENTE;BELO HORIZONTE;MG;SBPR;22/02/2013;16:50:00;0
47144;47144;INCIDENTE;BRASÍLIA;DF;SBBR;22/02/2013;19:05:00;0
47048;47048;INCIDENTE GRAVE;ATIBAIA;SP;SDVH;23/02/2013;17:00:00;0
47080;47080;INCIDENTE GRAVE;BOITUVA;SP;SDOI;24/02/2013;14:00:00;0
47084;47084;INCIDENTE;BELO HORIZONTE;MG;SBBH;24/02/2013;18:45:00;0
47074;47074;ACIDENTE;ENGENHEIRO BELTRÃO;PR;****;25/02/2013;14:05:00;2
47085;47085;INCIDENTE;SANTARÉM;PA;SNCJ;25/02/2013;18:37:00;0
47086;47086;INCIDENTE;MANAUS;AM;SBEG;25/02/2013;22:13:00;0
47114;47114;INCIDENTE;LONDRINA;PR;SBLO;25/02/2013;12:12:00;0
47058;47058;INCIDENTE;MARABÁ;PA;SBMA;26/02/2013;11:20:00;0
47098;47098;INCIDENTE;RIBEIRÃO PRETO;SP;SBRP;26/02/2013;21:20:00;0
48691;48691;INCIDENTE;RIBEIRÃO PRETO;SP;SBRP;26/02/2013;19:40:00;0
47087;47087;INCIDENTE;SÃO PAULO;SP;SBMT;27/02/2013;21:59:00;0
47095;47095;INCIDENTE;CAMPINAS;SP;SBKP;27/02/2013;13:50:00;0
47108;47108;ACIDENTE;TIROS;MG;****;27/02/2013;18:40:00;0
47245;47245;INCIDENTE;AMERICANA;SP;SDAI;28/02/2013;17:10:00;0
47110;47110;ACIDENTE;VILA BELA DA SANTÍSSIMA TRINDADE;MT;SSDP;01/03/2013;21:20:00;3
47115;47115;INCIDENTE;CURITIBA;PR;SBBI;01/03/2013;19:45:00;0
47201;47201;INCIDENTE;PORTO ALEGRE;RS;SBPA;01/03/2013;22:10:00;0
47075;47075;ACIDENTE;TEFÉ;AM;SBTF;02/03/2013;12:20:00;0
47081;47081;ACIDENTE;PRADÓPOLIS;SP;****;02/03/2013;13:30:00;0
47116;47116;INCIDENTE;LONDRINA;PR;****;03/03/2013;15:32:00;0
47109;47109;INCIDENTE GRAVE;SACRAMENTO;MG;****;04/03/2013;21:23:00;0
47102;47102;INCIDENTE GRAVE;PORTO VELHO;RO;SBPV;05/03/2013;12:00:00;0
47146;47146;INCIDENTE;GUARULHOS;SP;SBGR;05/03/2013;23:45:00;0
47763;47763;INCIDENTE;CAMPINAS;SP;****;05/03/2013;19:36:00;0
47117;47117;INCIDENTE;SÃO JOSÉ DO RIO PRETO;SP;SBSR;06/03/2013;12:15:00;0
47133;47133;INCIDENTE GRAVE;RIACHÃO DAS NEVES;BA;SDDQ;06/03/2013;13:50:00;0
47145;47145;INCIDENTE;GOIÂNIA;GO;SBGO;08/03/2013;14:13:00;0
47246;47246;INCIDENTE;BRASÍLIA;DF;SBBR;08/03/2013;15:02:00;0
47132;47132;INCIDENTE GRAVE;CARUARU;PE;SNRU;10/03/2013;12:30:00;0
47131;47131;INCIDENTE;CAMPO GRANDE;MS;SBCG;11/03/2013;16:49:00;0
47138;47138;ACIDENTE;MANAUS;AM;****;11/03/2013;23:27:00;0
47154;47154;INCIDENTE GRAVE;PIMENTA BUENO;RO;****;11/03/2013;22:30:00;0
47142;47142;ACIDENTE;ALMEIRIM;PA;SBMD;12/03/2013;12:30:00;3
47219;47219;INCIDENTE;MANICORÉ;AM;SBMY;12/03/2013;10:16:00;0
47652;47652;ACIDENTE;ALEGRETE;RS;****;12/03/2013;18:40:00;0
47435;47435;INCIDENTE;PEDRA PRETA;MT;****;13/03/2013;12:00:00;0
47207;47207;INCIDENTE;BELO HORIZONTE;MG;SBBH;15/03/2013;12:00:00;0
47158;47158;ACIDENTE;JOÃO PESSOA;PB;SNJO;16/03/2013;19:45:00;0
47159;47159;INCIDENTE GRAVE;SÃO LUÍS;MA;SBSL;16/03/2013;12:15:00;0
47208;47208;INCIDENTE;MANAUS;AM;SBEG;16/03/2013;11:36:00;0
47310;47310;INCIDENTE;CAMPINAS;SP;SBKP;16/03/2013;14:25:00;0
47156;47156;ACIDENTE;ROSÁRIO DO SUL;RS;SSRZ;18/03/2013;12:00:00;0
47351;47351;ACIDENTE;VITÓRIA BRASIL;SP;****;18/03/2013;20:00:00;0
47436;47436;INCIDENTE;RIBEIRÃO PRETO;SP;SBRP;18/03/2013;22:28:00;0
47155;47155;ACIDENTE;ELDORADO DO SUL;RS;SIXE;19/03/2013;15:17:00;0
47209;47209;INCIDENTE;CONFINS;MG;SBCF;19/03/2013;20:18:00;0
47210;47210;INCIDENTE;GUARATINGUETÁ;SP;SBGW;20/03/2013;12:40:00;0
47211;47211;INCIDENTE;JUNDIAÍ;SP;SBJD;20/03/2013;11:10:00;0
47213;47213;INCIDENTE;MACAÉ;RJ;****;20/03/2013;19:40:00;0
49290;49290;INCIDENTE;MACAÉ;RJ;SBME;20/03/2013;14:28:00;0
47153;47153;INCIDENTE;CAMPO GRANDE;MS;SBCG;21/03/2013;18:38:00;0
47217;47217;INCIDENTE;CONFINS;MG;SBCF;21/03/2013;16:30:00;0
47333;47333;INCIDENTE GRAVE;BIRITIBA-MIRIM;SP;SDIH;22/03/2013;18:45:00;0
47297;47297;ACIDENTE;RIBAS DO RIO PARDO;MS;****;23/03/2013;12:40:00;0
47334;47334;INCIDENTE GRAVE;FONTE BOA;AM;SWOB;23/03/2013;14:45:00;0
47765;47765;INCIDENTE;CASCAVEL;PR;SBCA;23/03/2013;17:26:00;0
47311;47311;INCIDENTE;RIBEIRÃO PRETO;SP;SBRP;25/03/2013;20:40:00;0
47312;47312;INCIDENTE;RIBEIRÃO PRETO;SP;SBRP;25/03/2013;18:25:00;0
47766;47766;INCIDENTE;CAMPOS DOS GOYTACAZES;RJ;SBCP;25/03/2013;14:00:00;0
47296;47296;ACIDENTE;SORRISO;MT;****;26/03/2013;14:20:00;0
47305;47305;INCIDENTE;CAMPINAS;SP;SBKP;26/03/2013;16:40:00;0
47314;47314;INCIDENTE;CONFINS;MG;SBCF;26/03/2013;00:30:00;0
47432;47432;INCIDENTE;MACAÉ;RJ;SBME;26/03/2013;12:55:00;0
47304;47304;INCIDENTE;BOTUCATU;SP;SDBK;27/03/2013;20:25:00;0
47309;47309;INCIDENTE;RIO DE JANEIRO;RJ;SBGL;27/03/2013;10:10:00;0
47313;47313;INCIDENTE;FORTALEZA;CE;SBFZ;27/03/2013;20:40:00;0
47332;47332;INCIDENTE;BELO HORIZONTE;MG;SBBH;27/03/2013;19:56:00;0
47339;47339;ACIDENTE;MACAÉ;RJ;****;27/03/2013;13:29:00;2
51885;51885;INCIDENTE;VITÓRIA;ES;SBVT;27/03/2013;15:33:00;0
47300;47300;INCIDENTE;GUARULHOS;SP;SBGR;28/03/2013;10:35:00;0
47302;47302;INCIDENTE;RIO DE JANEIRO;RJ;SBRJ;28/03/2013;10:48:00;0
47353;47353;INCIDENTE GRAVE;TAUBATÉ;SP;****;29/03/2013;16:00:00;1
47767;47767;INCIDENTE;VITÓRIA;ES;SBVT;29/03/2013;15:00:00;0
48064;48064;INCIDENTE;FLORIANÓPOLIS;SC;SBFL;29/03/2013;18:00:00;0
47298;47298;ACIDENTE;PEREIRA BARRETO;SP;SNXI;31/03/2013;23:43:00;0
47299;47299;INCIDENTE;RIO DE JANEIRO;RJ;SBRJ;31/03/2013;17:37:00;0
51886;51886;INCIDENTE;GUARUJÁ;SP;****;31/03/2013;18:40:00;0
51887;51887;INCIDENTE;SÃO JOSÉ DOS CAMPOS;SP;****;31/03/2013;20:35:00;0
51888;51888;INCIDENTE;RIO DE JANEIRO;RJ;SBJR;01/04/2013;14:15:00;0
48219;48219;INCIDENTE;CAMPOS DOS GOYTACAZES;RJ;****;02/04/2013;12:50:00;0
47354;47354;ACIDENTE;FORMOSA;GO;****;03/04/2013;19:21:00;0
47704;47704;INCIDENTE;ANÁPOLIS;GO;****;04/04/2013;22:34:00;0
47759;47759;INCIDENTE;ANÁPOLIS;GO;****;04/04/2013;22:06:00;0
47650;47650;ACIDENTE;PEROLÂNDIA;GO;****;05/04/2013;11:30:00;0
47422;47422;ACIDENTE;LUZIÂNIA;GO;SWUZ;07/04/2013;16:50:00;0
47926;47926;ACIDENTE;CAPÃO DA CANOA;RS;SSKK;07/04/2013;15:00:00;0
47433;47433;INCIDENTE;MACAÉ;RJ;SBME;08/04/2013;12:08:00;0
47755;47755;INCIDENTE;RIO BRANCO;AC;SBRB;08/04/2013;17:10:00;0
47423;47423;INCIDENTE;SÃO PAULO;SP;SBSP;09/04/2013;15:45:00;0
47437;47437;INCIDENTE;BELÉM;PA;SBBE;09/04/2013;22:17:00;0
52967;52967;ACIDENTE;SINOP;MT;SWSI;09/04/2013;11:50:00;0
48113;48113;INCIDENTE;FOZ DO IGUAÇU;PR;****;11/04/2013;13:50:00;0
47649;47649;ACIDENTE;CAMPO MOURÃO;PR;SSKM;12/04/2013;13:03:00;1
47938;47938;INCIDENTE;BRASÍLIA;DF;SBBR;13/04/2013;18:00:00;11
47434;47434;INCIDENTE;PONTA PORÃ;MS;SBPP;14/04/2013;14:20:00;0
48112;48112;INCIDENTE;MACAÉ;RJ;SBME;14/04/2013;19:20:00;0
47768;47768;INCIDENTE;CONFINS;MG;SBCF;15/04/2013;11:41:00;0
47769;47769;INCIDENTE;BELO HORIZONTE;MG;SBBH;15/04/2013;10:29:00;0
48516;48516;INCIDENTE;BOA VISTA;RR;****;15/04/2013;17:55:00;0
49672;49672;INCIDENTE GRAVE;UBERLÂNDIA;MG;SBUL;15/04/2013;14:41:00;0
47675;47675;ACIDENTE;SANTA CRUZ DAS PALMEIRAS;SP;****;16/04/2013;22:30:00;0
47698;47698;INCIDENTE GRAVE;SÃO JOSÉ DOS PINHAIS;PR;SBCT;16/04/2013;02:45:00;0
48104;48104;INCIDENTE;BELO HORIZONTE;MG;SBBH;16/04/2013;19:35:00;0
48105;48105;INCIDENTE;RIO DE JANEIRO;RJ;SBJR;17/04/2013;12:29:00;0
47665;47665;ACIDENTE;BOA ESPERANÇA DO SUL;SP;****;18/04/2013;20:35:00;0
47674;47674;ACIDENTE;CHAPADÃO DO SUL;MS;****;18/04/2013;12:20:00;0
47707;47707;INCIDENTE;BRASÍLIA;DF;SBBR;18/04/2013;16:54:00;0
47762;47762;INCIDENTE;BERTIOGA;SP;****;18/04/2013;14:10:00;0
48103;48103;INCIDENTE;RIO DE JANEIRO;RJ;SBJR;18/04/2013;17:45:00;0
47651;47651;ACIDENTE;COSMÓPOLIS;SP;****;19/04/2013;20:50:00;0
47694;47694;ACIDENTE;BARRA DO BUGRES;MT;SWBB;19/04/2013;19:30:00;0
47648;47648;ACIDENTE;JAÍBA;MG;****;20/04/2013;12:00:00;0
47761;47761;INCIDENTE;FORTALEZA;CE;SBFZ;20/04/2013;21:10:00;0
48096;48096;INCIDENTE;LONDRINA;PR;SBLO;20/04/2013;20:56:00;0
47697;47697;INCIDENTE GRAVE;JUNDIAÍ;SP;SBJD;21/04/2013;14:55:00;0
47876;47876;ACIDENTE;SINOP;MT;SWSI;21/04/2013;12:50:00;1
47659;47659;ACIDENTE;CAJAMAR;SP;****;22/04/2013;14:00:00;0
47661;47661;ACIDENTE;ATALAIA DO NORTE;AM;****;22/04/2013;19:00:00;2
47699;47699;INCIDENTE GRAVE;BELÉM;PA;SBBE;22/04/2013;11:28:00;2
47979;47979;ACIDENTE;ITAPIRAPUÃ;GO;****;22/04/2013;20:30:00;0
47709;47709;INCIDENTE;VILHENA;RO;SBVH;23/04/2013;12:28:00;0
47888;47888;INCIDENTE GRAVE;MARINGÁ;PR;****;23/04/2013;17:45:00;1
48102;48102;INCIDENTE;ORIZONA;GO;****;23/04/2013;11:30:00;0
47894;47894;INCIDENTE GRAVE;RIO DE JANEIRO;RJ;SBRJ;24/04/2013;18:45:00;0
47901;47901;INCIDENTE GRAVE;PALMAS;TO;SBPJ;24/04/2013;13:52:00;1
47872;47872;ACIDENTE;NOBRES;MT;SWNB;25/04/2013;09:30:00;0
47939;47939;INCIDENTE;PRESIDENTE PRUDENTE;SP;SBDN;25/04/2013;20:01:00;0
47980;47980;ACIDENTE;FIGUEIRÃO;MS;****;25/04/2013;12:15:00;0
48107;48107;INCIDENTE;BELO HORIZONTE;MG;SBBH;25/04/2013;21:25:00;0
47879;47879;ACIDENTE;BELÉM;PA;****;26/04/2013;12:15:00;2
48091;48091;INCIDENTE;RIO DE JANEIRO;RJ;SBJR;27/04/2013;12:56:00;0
48109;48109;INCIDENTE;PRESIDENTE PRUDENTE;SP;SBDN;27/04/2013;13:23:00;0
48078;48078;INCIDENTE;VITÓRIA;ES;SBVT;29/04/2013;02:15:00;0
48110;48110;INCIDENTE;LONDRINA;PR;SBLO;29/04/2013;14:45:00;0
47936;47936;INCIDENTE GRAVE;BRAGANÇA PAULISTA;SP;SBBP;30/04/2013;13:30:00;0
47981;47981;ACIDENTE;CAMPO NOVO DO PARECIS;MT;****;30/04/2013;21:32:00;2
48058;48058;INCIDENTE;BRASÍLIA;DF;SBBR;30/04/2013;21:00:00;0
48083;48083;INCIDENTE;JUIZ DE FORA;MG;SBJF;30/04/2013;14:15:00;0
48657;48657;ACIDENTE;BRAGANÇA PAULISTA;SP;****;01/05/2013;15:00:00;0
47983;47983;ACIDENTE;RIO DE JANEIRO;RJ;****;02/05/2013;19:00:00;5
48163;48163;INCIDENTE;MANAUS;AM;SBEG;02/05/2013;15:46:00;0
47966;47966;ACIDENTE;JATAÍ;GO;****;03/05/2013;14:37:00;2
47992;47992;ACIDENTE;ITANHAÉM;SP;SDIM;03/05/2013;13:20:00;1
48114;48114;INCIDENTE;GOIÂNIA;GO;SBGO;03/05/2013;20:08:00;0
48159;48159;INCIDENTE;SÃO JOSÉ DOS CAMPOS;SP;SBSJ;03/05/2013;19:00:00;0
48656;48656;INCIDENTE;RIO VERDE;GO;****;03/05/2013;14:00:00;0
48871;48871;INCIDENTE;SÃO PAULO;SP;SBSP;03/05/2013;14:12:00;0
47965;47965;ACIDENTE;ARIQUEMES;RO;SJOG;05/05/2013;11:00:00;0
48731;48731;ACIDENTE;PORTO ALEGRE;RS;SSBN;05/05/2013;18:45:00;0
48162;48162;INCIDENTE;MACAÉ;RJ;SBME;06/05/2013;11:36:00;0
47998;47998;ACIDENTE;RONDONÓPOLIS;MT;****;07/05/2013;20:30:00;0
48012;48012;ACIDENTE;RIO DE JANEIRO;RJ;SDHU;08/05/2013;15:30:00;0
48055;48055;INCIDENTE GRAVE;LONDRINA;PR;SBLO;08/05/2013;17:30:00;0
48142;48142;INCIDENTE;GUARULHOS;SP;SBGR;08/05/2013;17:28:00;0
48145;48145;INCIDENTE;GUARULHOS;SP;SBGR;08/05/2013;14:20:00;0
48578;48578;INCIDENTE;PARAUAPEBAS;PA;SBCJ;08/05/2013;17:00:00;0
48804;48804;INCIDENTE GRAVE;CRUZ ALTA;RS;SSAK;08/05/2013;15:50:00;0
48013;48013;ACIDENTE;GUARULHOS;SP;****;09/05/2013;16:40:00;1
48053;48053;ACIDENTE;CAMPO GRANDE;MS;****;09/05/2013;13:43:00;1
48074;48074;INCIDENTE;SÃO JOSÉ DOS PINHAIS;PR;SBCT;09/05/2013;20:50:00;0
48144;48144;INCIDENTE;FORTALEZA;CE;SBFZ;09/05/2013;13:05:00;0
48446;48446;INCIDENTE;VÁRZEA GRANDE;MT;SBCY;10/05/2013;23:20:00;0
48014;48014;ACIDENTE;CARUARU;PE;SNRU;11/05/2013;11:30:00;0
48442;48442;INCIDENTE;MANAUS;AM;SBEG;12/05/2013;23:04:00;0
48172;48172;INCIDENTE;PARINTINS;AM;SWPI;13/05/2013;05:40:00;0
48512;48512;INCIDENTE;LONDRINA;PR;SBLO;15/05/2013;11:27:00;0
48659;48659;INCIDENTE;MACAÉ;RJ;SBME;15/05/2013;15:07:00;0
48734;48734;INCIDENTE;CAMPO GRANDE;MS;SBCG;16/05/2013;15:00:00;0
48915;48915;INCIDENTE;GOIÂNIA;GO;SBGO;16/05/2013;14:00:00;0
48694;48694;INCIDENTE;LONDRINA;PR;SBLO;17/05/2013;21:23:00;0
48739;48739;INCIDENTE;LONDRINA;PR;SBLO;17/05/2013;14:40:00;0
48438;48438;ACIDENTE;SÃO PAULO;SP;SBMT;18/05/2013;19:39:00;1
48474;48474;INCIDENTE;BELO HORIZONTE;MG;SBBH;18/05/2013;01:42:00;0
48584;48584;INCIDENTE;TORRES;RS;SBTR;18/05/2013;14:12:00;0
48793;48793;ACIDENTE;TAUBATÉ;SP;****;18/05/2013;19:00:00;0
48832;48832;INCIDENTE;CONFINS;MG;SBCF;18/05/2013;16:06:00;0
48451;48451;INCIDENTE;SÃO JOSÉ;SC;SSKT;19/05/2013;19:20:00;0
48580;48580;INCIDENTE;PORTO ALEGRE;RS;SBPA;20/05/2013;15:38:00;0
48582;48582;INCIDENTE;RECIFE;PE;SBRF;20/05/2013;11:34:00;0
48429;48429;ACIDENTE;SANTA TEREZINHA DE ITAIPU;PR;****;22/05/2013;19:30:00;0
48653;48653;ACIDENTE;RIO BRILHANTE;MS;****;22/05/2013;09:00:00;0
48848;48848;INCIDENTE;RIO DE JANEIRO;RJ;SBJR;22/05/2013;13:20:00;0
48662;48662;INCIDENTE GRAVE;PORTO SEGURO;BA;SBPS;23/05/2013;19:10:00;1
48738;48738;INCIDENTE;BELO HORIZONTE;MG;SBBH;23/05/2013;21:03:00;0
48660;48660;INCIDENTE GRAVE;SALVADOR;BA;SBSV;24/05/2013;10:30:00;0
48736;48736;INCIDENTE;SÃO JOSÉ DOS PINHAIS;PR;SBCT;24/05/2013;14:37:00;0
48661;48661;INCIDENTE GRAVE;TIETÊ;SP;SDET;25/05/2013;13:30:00;0
48716;48716;INCIDENTE;MARINGÁ;PR;SBMG;27/05/2013;00:00:00;0
48658;48658;ACIDENTE;SOROCABA;SP;SDCO;29/05/2013;19:30:00;0
48714;48714;INCIDENTE;MONTES CLAROS;MG;SBMK;29/05/2013;14:25:00;0
48630;48630;ACIDENTE;RESENDE;RJ;SDRS;30/05/2013;16:15:00;0
48652;48652;ACIDENTE;GUARAMIRANGA;CE;SION;30/05/2013;15:00:00;2
48751;48751;INCIDENTE;RIO GRANDE;RS;SJRG;30/05/2013;11:25:00;0
48654;48654;ACIDENTE;GUARULHOS;SP;SBGR;31/05/2013;06:29:00;0
48693;48693;INCIDENTE;ARARAS;SP;SDAA;31/05/2013;19:30:00;0
48711;48711;INCIDENTE;BELO HORIZONTE;MG;SBBH;31/05/2013;15:07:00;0
48753;48753;INCIDENTE;MACAÉ;RJ;****;31/05/2013;12:10:00;0
49278;49278;INCIDENTE;PORTO ALEGRE;RS;SSBN;31/05/2013;23:00:00;0
48696;48696;INCIDENTE;ATIBAIA;SP;SDTB;01/06/2013;20:20:00;0
48762;48762;ACIDENTE;PRESIDENTE VENCESLAU;SP;****;01/06/2013;17:35:00;0
48812;48812;INCIDENTE;LAJEADO NOVO;MA;****;02/06/2013;11:30:00;0
48816;48816;INCIDENTE;GUARULHOS;SP;SBGR;03/06/2013;23:13:00;0
48833;48833;INCIDENTE;GUARULHOS;SP;SBGR;04/06/2013;16:23:00;0
48837;48837;INCIDENTE;CAMPOS DOS GOYTACAZES;RJ;****;04/06/2013;19:20:00;0
48772;48772;ACIDENTE;MARÍLIA;SP;SBML;05/06/2013;16:10:00;0
48754;48754;INCIDENTE;NAVEGANTES;SC;SBNF;06/06/2013;11:20:00;0
48800;48800;ACIDENTE;SÃO VICENTE FERRER;PE;****;06/06/2013;10:20:00;0
48729;48729;ACIDENTE;PRESIDENTE BERNARDES;SP;****;07/06/2013;10:40:00;0
48755;48755;INCIDENTE;GUARULHOS;SP;SBGR;07/06/2013;15:04:00;0
48796;48796;ACIDENTE;ENVIRA;AM;****;07/06/2013;14:20:00;2
48797;48797;ACIDENTE;PRIMAVERA DO LESTE;MT;****;07/06/2013;10:15:00;2
48757;48757;INCIDENTE;ALFREDO CHAVES;ES;****;08/06/2013;21:11:00;0
48791;48791;ACIDENTE;ANAJÁS;PA;****;08/06/2013;13:30:00;1
48795;48795;ACIDENTE;ANAJÁS;PA;****;09/06/2013;19:10:00;1
48850;48850;INCIDENTE;RIO DE JANEIRO;RJ;SBGL;11/06/2013;09:50:00;0
48727;48727;ACIDENTE;TEFÉ;AM;****;14/06/2013;12:10:00;2
48759;48759;INCIDENTE;RIO DE JANEIRO;RJ;SBGL;14/06/2013;09:42:00;0
48801;48801;ACIDENTE;TAUBATÉ;SP;****;15/06/2013;16:30:00;0
48813;48813;INCIDENTE;SÃO JOSÉ DOS PINHAIS;PR;SBCT;15/06/2013;12:00:00;0
48912;48912;ACIDENTE;PALMEIRAS DE GOIÁS;GO;SWGP;15/06/2013;11:05:00;0
49113;49113;INCIDENTE GRAVE;NOVA LIMA;MG;****;15/06/2013;12:00:00;4
48761;48761;INCIDENTE;SÃO PAULO;SP;****;17/06/2013;18:30:00;0
49291;49291;INCIDENTE;MACAÉ;RJ;****;17/06/2013;16:35:00;0
48799;48799;ACIDENTE;CANUTAMA;AM;****;18/06/2013;21:30:00;0
48852;48852;INCIDENTE;FOZ DO IGUAÇU;PR;SBFI;18/06/2013;21:59:00;0
49514;49514;INCIDENTE;MACAPÁ;AP;SBMQ;18/06/2013;18:10:00;0
49515;49515;INCIDENTE;PARNAMIRIM;RN;****;18/06/2013;13:30:00;0
48896;48896;INCIDENTE;SÃO PAULO;SP;SBMT;20/06/2013;18:20:00;0
48803;48803;ACIDENTE;GOIÂNIA;GO;SBNV;21/06/2013;17:20:00;0
48897;48897;INCIDENTE;MANAUS;AM;SBEG;21/06/2013;22:31:00;0
48898;48898;INCIDENTE;CONFINS;MG;SBCF;22/06/2013;01:20:00;0
49276;49276;INCIDENTE;GOIÂNIA;GO;SBGO;22/06/2013;16:15:00;0
49171;49171;INCIDENTE;RECIFE;PE;SBRF;23/06/2013;16:40:00;0
49534;49534;INCIDENTE;NOVO HAMBURGO;RS;SSNH;23/06/2013;19:15:00;0
48876;48876;ACIDENTE;TRÊS LAGOAS;MS;SSTL;24/06/2013;13:45:00;0
48883;48883;INCIDENTE GRAVE;ALTA FLORESTA;MT;SWEN;24/06/2013;16:30:00;0
49192;49192;INCIDENTE;GUARULHOS;SP;SBGR;24/06/2013;00:45:00;0
48878;48878;INCIDENTE GRAVE;PENÁPOLIS;SP;SDPN;25/06/2013;12:30:00;0
48879;48879;INCIDENTE GRAVE;BELÉM;PA;SBJC;26/06/2013;12:45:00;0
48881;48881;INCIDENTE GRAVE;VALENÇA;RJ;SDVL;26/06/2013;09:30:00;0
48899;48899;INCIDENTE;RESENDE;RJ;SDRS;26/06/2013;19:10:00;0
48884;48884;INCIDENTE;BELÉM;PA;SBBE;27/06/2013;12:51:00;0
49265;49265;INCIDENTE;VITÓRIA;ES;****;27/06/2013;12:21:00;0
48893;48893;INCIDENTE;BRASÍLIA;DF;SBBR;28/06/2013;18:00:00;0
49157;49157;INCIDENTE GRAVE;ERECHIM;RS;SSER;28/06/2013;15:25:00;0
48894;48894;INCIDENTE;BRAGANÇA PAULISTA;SP;SBBP;29/06/2013;16:30:00;0
48895;48895;INCIDENTE;SALVADOR;BA;SBSV;29/06/2013;19:00:00;0
49258;49258;INCIDENTE;RIO DE JANEIRO;RJ;SBGL;01/07/2013;23:49:00;0
49274;49274;INCIDENTE;LONDRINA;PR;SBLO;02/07/2013;23:00:00;0
49262;49262;INCIDENTE;TEFÉ;AM;SBTF;03/07/2013;11:46:00;0
49263;49263;INCIDENTE;MANICORÉ;AM;SBMY;03/07/2013;14:51:00;0
49264;49264;INCIDENTE;RIO DE JANEIRO;RJ;SBJR;03/07/2013;18:34:00;0
49271;49271;INCIDENTE;MARABÁ;PA;SBMA;03/07/2013;11:15:00;0
49272;49272;INCIDENTE;PORTO ALEGRE;RS;****;03/07/2013;08:30:00;0
49053;49053;ACIDENTE;CORUMBÁ DE GOIÁS;GO;****;04/07/2013;14:30:00;0
49124;49124;ACIDENTE;BAURU;SP;SBBU;04/07/2013;12:40:00;0
49255;49255;INCIDENTE;MACAÉ;RJ;****;04/07/2013;12:57:00;0
49123;49123;ACIDENTE;CURITIBA;PR;****;05/07/2013;15:10:00;0
49155;49155;ACIDENTE;UBATUBA;SP;SDUB;05/07/2013;20:15:00;0
49252;49252;INCIDENTE;JUNDIAÍ;SP;SBJD;05/07/2013;18:40:00;0
49117;49117;INCIDENTE GRAVE;GOIÂNIA;GO;SBNV;06/07/2013;15:25:00;0
49121;49121;ACIDENTE;FORMOSA;GO;SWFR;06/07/2013;16:35:00;0
49254;49254;INCIDENTE;PIRASSUNUNGA;SP;SDPY;06/07/2013;19:00:00;0
49125;49125;ACIDENTE;ICÉM;SP;****;07/07/2013;15:30:00;1
49267;49267;INCIDENTE;CAMPOS DOS GOYTACAZES;RJ;****;07/07/2013;18:50:00;0
49122;49122;ACIDENTE;ELDORADO DO SUL;RS;SIXE;09/07/2013;14:32:00;0
49269;49269;INCIDENTE;PORTO VELHO;RO;****;10/07/2013;20:33:00;0
49289;49289;INCIDENTE;SÃO PAULO;SP;SBMT;11/07/2013;17:15:00;0
49288;49288;INCIDENTE;BELO HORIZONTE;MG;SBBH;13/07/2013;17:58:00;0
49292;49292;INCIDENTE;MANAUS;AM;SBEG;13/07/2013;20:00:00;0
52958;52958;ACIDENTE;PAULÍNIA;SP;****;13/07/2013;17:36:00;0
49286;49286;INCIDENTE;RIO DE JANEIRO;RJ;****;14/07/2013;20:08:00;0
49116;49116;ACIDENTE;MANAUS;AM;SBEG;16/07/2013;10:22:00;1
49279;49279;INCIDENTE;RIO DE JANEIRO;RJ;SBRJ;16/07/2013;15:19:00;0
49280;49280;INCIDENTE;CONFINS;MG;SBCF;17/07/2013;14:10:00;0
49281;49281;INCIDENTE;CONFINS;MG;SBCF;17/07/2013;22:59:00;0
49536;49536;INCIDENTE;ELDORADO DO SUL;RS;SIXE;17/07/2013;19:09:00;0
49533;49533;INCIDENTE;CANELA;RS;SSCN;18/07/2013;13:35:00;0
49119;49119;ACIDENTE;TANGARÁ DA SERRA;MT;SWTS;19/07/2013;20:30:00;1
49120;49120;ACIDENTE;BONITO;MS;****;19/07/2013;15:30:00;0
49294;49294;INCIDENTE;RIO DE JANEIRO;RJ;SBGL;19/07/2013;07:25:00;0
49537;49537;INCIDENTE;RIO DE JANEIRO;RJ;SBJR;20/07/2013;15:40:00;0
49693;49693;INCIDENTE;RIO DE JANEIRO;RJ;SBRJ;20/07/2013;18:40:00;0
49282;49282;INCIDENTE;FONTE BOA;AM;SWOB;21/07/2013;19:05:00;0
49532;49532;INCIDENTE;RIO DE JANEIRO;RJ;SBJR;21/07/2013;19:26:00;0
49694;49694;INCIDENTE;BELO HORIZONTE;MG;SBBH;21/07/2013;18:28:00;0
49283;49283;INCIDENTE;SALVADOR;BA;****;23/07/2013;21:43:00;0
49284;49284;INCIDENTE;ILHÉUS;BA;SBIL;23/07/2013;22:10:00;0
49285;49285;INCIDENTE;CAMPINAS;SP;SBKP;24/07/2013;03:30:00;0
49118;49118;ACIDENTE;PIUM;TO;****;25/07/2013;18:50:00;0
49154;49154;ACIDENTE;NOVA INDEPENDÊNCIA;SP;****;25/07/2013;20:00:00;0
49261;49261;INCIDENTE;SOROCABA;SP;****;25/07/2013;08:40:00;0
49156;49156;ACIDENTE;CASTRO;PR;SSQT;26/07/2013;18:25:00;0
49158;49158;INCIDENTE GRAVE;SALVADOR;BA;SBSV;26/07/2013;22:00:00;0
49152;49152;ACIDENTE;JUIZ DE FORA;MG;SBJF;27/07/2013;13:20:00;0
49695;49695;INCIDENTE;FLORIANÓPOLIS;SC;SBFL;28/07/2013;17:00:00;0
49295;49295;INCIDENTE;MARINGÁ;PR;****;30/07/2013;17:07:00;0
49696;49696;INCIDENTE;MIGUELÓPOLIS;SP;****;30/07/2013;13:30:00;0
49194;49194;ACIDENTE;SÃO PAULO;SP;****;31/07/2013;20:15:00;0
49697;49697;INCIDENTE;MARABÁ;PA;SBMA;31/07/2013;11:20:00;0
49698;49698;INCIDENTE;CAMPOS DOS GOYTACAZES;RJ;SBFS;31/07/2013;14:05:00;0
50532;50532;INCIDENTE;GUARAPARI;ES;SNGA;02/08/2013;14:00:00;0
49233;49233;ACIDENTE;JUNDIAÍ;SP;SBJD;03/08/2013;15:24:00;1
49699;49699;INCIDENTE;LONDRINA;PR;SBLO;03/08/2013;20:36:00;0
49237;49237;ACIDENTE;PARAGOMINAS;PA;****;04/08/2013;22:30:00;2
49516;49516;INCIDENTE;ALTAMIRA;PA;SBHT;05/08/2013;13:56:00;0
49476;49476;ACIDENTE;HERCULÂNDIA;SP;****;06/08/2013;21:40:00;0
49513;49513;INCIDENTE GRAVE;BANANEIRAS;PB;****;06/08/2013;09:45:00;0
49517;49517;INCIDENTE;BRASÍLIA;DF;SBBR;06/08/2013;07:30:00;0
49518;49518;INCIDENTE;JATAIZINHO;PR;****;06/08/2013;20:29:00;0
49519;49519;INCIDENTE;SALVADOR;BA;****;06/08/2013;04:59:00;0
49475;49475;ACIDENTE;LONDRINA;PR;SBLO;07/08/2013;16:15:00;0
49511;49511;INCIDENTE GRAVE;MACAÉ;RJ;SBME;07/08/2013;12:25:00;0
78818;78818;ACIDENTE;PORTO BELO;SC;****;07/08/2013;17:30:00;0
49479;49479;ACIDENTE;JALES;SP;SDJL;08/08/2013;20:45:00;0
49520;49520;INCIDENTE;SÃO JOSÉ DOS CAMPOS;SP;SBSJ;10/08/2013;15:50:00;0
49521;49521;INCIDENTE;TERESINA;PI;****;11/08/2013;19:24:00;0
49522;49522;INCIDENTE;CAMPO GRANDE;MS;SBCG;14/08/2013;01:18:00;0
49523;49523;INCIDENTE;RIO DE JANEIRO;RJ;SBJR;14/08/2013;13:30:00;0
49539;49539;INCIDENTE;MANAUS;AM;SBEG;14/08/2013;09:25:00;0
49451;49451;ACIDENTE;LUZIÂNIA;GO;SWUZ;15/08/2013;11:00:00;0
49524;49524;INCIDENTE;RIBEIRÃO PRETO;SP;SBRP;16/08/2013;19:30:00;0
49478;49478;ACIDENTE;JUNDIAÍ;SP;SBJD;17/08/2013;12:15:00;0
49525;49525;INCIDENTE;JUNDIAÍ;SP;SBJD;17/08/2013;06:30:00;0
49527;49527;INCIDENTE;JUNDIAÍ;SP;SBJD;17/08/2013;11:30:00;0
49493;49493;INCIDENTE GRAVE;RIBEIRÃO PRETO;SP;SBRP;18/08/2013;19:04:00;0
49528;49528;INCIDENTE;MANAUS;AM;SBEG;18/08/2013;19:25:00;0
49473;49473;ACIDENTE;GOIÂNIA;GO;****;19/08/2013;19:00:00;0
50152;50152;INCIDENTE;ANDRADINA;SP;SDDN;19/08/2013;12:00:00;0
49529;49529;INCIDENTE;RIO DE JANEIRO;RJ;SBRJ;20/08/2013;20:00:00;0
49454;49454;ACIDENTE;SÃO PAULO;SP;SBMT;21/08/2013;13:40:00;5
49472;49472;ACIDENTE;PORTO BELO;SC;SDEN;21/08/2013;14:45:00;0
49591;49591;ACIDENTE;PATOS DE MINAS;MG;****;22/08/2013;14:26:00;0
49644;49644;INCIDENTE;COSMÓPOLIS;SP;****;23/08/2013;16:33:00;0
49752;49752;INCIDENTE;PORTO ALEGRE;RS;SBPA;23/08/2013;21:47:00;0
49538;49538;INCIDENTE;RIO DE JANEIRO;RJ;SBGL;25/08/2013;22:50:00;0
49494;49494;INCIDENTE GRAVE;BRAGANÇA PAULISTA;SP;SBBP;26/08/2013;18:00:00;0
49834;49834;INCIDENTE;FLORIANÓPOLIS;SC;SBFL;28/08/2013;23:30:00;0
49592;49592;ACIDENTE;IGUATEMI;MS;****;29/08/2013;20:00:00;0
49593;49593;ACIDENTE;MATÕES DO NORTE;MA;****;30/08/2013;15:55:00;3
49700;49700;INCIDENTE;ELDORADO DO SUL;RS;****;30/08/2013;19:00:00;0
49617;49617;INCIDENTE GRAVE;CACHOEIRO DE ITAPEMIRIM;ES;SNKI;31/08/2013;13:00:00;0
49618;49618;INCIDENTE GRAVE;GOIÂNIA;GO;SBGO;31/08/2013;12:21:00;4
49619;49619;INCIDENTE GRAVE;CARAZINHO;RS;SSKZ;31/08/2013;15:10:00;0
49594;49594;ACIDENTE;SIMPLÍCIO MENDES;PI;****;01/09/2013;09:32:00;0
49621;49621;INCIDENTE;RIO DE JANEIRO;RJ;SBGL;01/09/2013;17:08:00;0
49702;49702;INCIDENTE;PIRAÍ DO SUL;PR;****;01/09/2013;18:30:00;0
49703;49703;INCIDENTE;LONDRINA;PR;SBLO;01/09/2013;17:58:00;0
49474;49474;ACIDENTE;ÁGUAS INTERNACIONAIS;***;****;02/09/2013;02:54:00;0
49611;49611;ACIDENTE;BELÉM;PA;****;03/09/2013;17:45:00;1
49632;49632;INCIDENTE;VILA VELHA;ES;SIVU;04/09/2013;13:30:00;0
53104;53104;INCIDENTE;RIO DE JANEIRO;RJ;SBGL;04/09/2013;17:44:00;6
49612;49612;ACIDENTE;CARAZINHO;RS;SSKZ;05/09/2013;20:20:00;0
49614;49614;ACIDENTE;LEME;SP;SDLL;05/09/2013;14:40:00;0
49634;49634;INCIDENTE;VÁRZEA GRANDE;MT;SBCY;06/09/2013;14:05:00;0
49635;49635;INCIDENTE;MANAUS;AM;SBEG;06/09/2013;03:06:00;0
49636;49636;INCIDENTE;GOIÂNIA;GO;SBGO;06/09/2013;13:10:00;0
49620;49620;INCIDENTE GRAVE;UBERLÂNDIA;MG;SBUL;08/09/2013;18:00:00;0
49623;49623;INCIDENTE;CAMPINAS;SP;****;08/09/2013;23:49:00;0
49637;49637;INCIDENTE;CABROBÓ;PE;****;09/09/2013;14:30:00;0
49624;49624;INCIDENTE;JOÃO PESSOA;PB;SBJP;10/09/2013;08:40:00;0
49638;49638;INCIDENTE;PARINTINS;AM;SWPI;10/09/2013;22:30:00;0
49651;49651;ACIDENTE;MARICÁ;RJ;SDMC;11/09/2013;17:10:00;1
49704;49704;INCIDENTE;VALENÇA;BA;SNVB;11/09/2013;12:40:00;0
50692;50692;ACIDENTE;AMERICANA;SP;SDAI;12/09/2013;17:30:00;0
49639;49639;INCIDENTE;BANANEIRAS;PB;SJFU;13/09/2013;14:15:00;0
49673;49673;INCIDENTE GRAVE;MARINGÁ;PR;SBMG;13/09/2013;13:15:00;0
49640;49640;INCIDENTE;SÃO PAULO;SP;SBMT;14/09/2013;18:41:00;0
49641;49641;INCIDENTE;JARDIM;MS;SSJI;14/09/2013;13:53:00;0
49615;49615;ACIDENTE;ARAGARÇAS;GO;SJVO;15/09/2013;18:00:00;0
50348;50348;ACIDENTE;SAPEZAL;MT;****;15/09/2013;21:00:00;0
49642;49642;INCIDENTE;UBERABA;MG;SBUR;16/09/2013;01:54:00;0
49814;49814;INCIDENTE GRAVE;CONSELHEIRO LAFAIETE;MG;SNKF;16/09/2013;17:02:00;0
49705;49705;INCIDENTE;JOINVILLE;SC;SBJV;17/09/2013;20:37:00;0
49706;49706;INCIDENTE;BELÉM;PA;SBBE;17/09/2013;19:31:00;0
49692;49692;INCIDENTE;BLUMENAU;SC;SSBL;18/09/2013;14:01:00;1
49751;49751;ACIDENTE;CUIABÁ;MT;SJCY;18/09/2013;11:30:00;0
49708;49708;INCIDENTE;PORTO SEGURO;BA;SBPS;19/09/2013;12:17:00;0
49616;49616;ACIDENTE;CALDAS NOVAS;GO;****;20/09/2013;13:31:00;0
49709;49709;INCIDENTE;MARINGÁ;PR;SBMG;20/09/2013;13:25:00;0
49671;49671;ACIDENTE;PLANALTINA;GO;****;21/09/2013;13:30:00;0
49710;49710;INCIDENTE;FLORIANÓPOLIS;SC;SBFL;22/09/2013;21:05:00;0
49711;49711;INCIDENTE;MARABÁ;PA;SBMA;23/09/2013;19:35:00;0
49953;49953;INCIDENTE;FLORIANÓPOLIS;SC;****;23/09/2013;10:50:00;0
49712;49712;INCIDENTE;SÃO PAULO;SP;SBMT;24/09/2013;14:50:00;0
49753;49753;INCIDENTE;BELO HORIZONTE;MG;SBBH;25/09/2013;16:25:00;0
49691;49691;INCIDENTE GRAVE;TERESINA;PI;SBTE;26/09/2013;14:15:00;1
49954;49954;INCIDENTE;UBERLÂNDIA;MG;SBUL;26/09/2013;21:27:00;0
49754;49754;INCIDENTE;PORTO ALEGRE;RS;SBPA;28/09/2013;20:42:00;0
49795;49795;ACIDENTE;SERRANO DO MARANHÃO;MA;****;29/09/2013;11:15:00;0
49796;49796;ACIDENTE;SANTO ANTÔNIO DO ARACANGUÁ;SP;****;29/09/2013;17:00:00;0
49955;49955;INCIDENTE;SÃO JOSÉ DOS CAMPOS;SP;SBSJ;01/10/2013;15:53:00;0
49956;49956;INCIDENTE;CASCAVEL;PR;SBCA;01/10/2013;18:45:00;0
51884;51884;INCIDENTE;ILHÉUS;BA;****;01/10/2013;19:47:00;0
49798;49798;INCIDENTE GRAVE;CAMPO GRANDE;MS;SSKG;02/10/2013;20:00:00;0
49833;49833;INCIDENTE;MANAUS;AM;SBEG;02/10/2013;21:20:00;0
49951;49951;INCIDENTE;GUARULHOS;SP;SBGR;02/10/2013;09:30:00;0
49831;49831;INCIDENTE;BRASÍLIA;DF;****;03/10/2013;16:22:00;0
49832;49832;INCIDENTE;CARACARAÍ;RR;****;03/10/2013;13:28:00;0
49876;49876;ACIDENTE;SANTA RITA DO TRIVELATO;MT;****;03/10/2013;18:09:00;1
49792;49792;ACIDENTE;SÃO CAETANO DO SUL;SP;****;04/10/2013;15:30:00;0
49819;49819;INCIDENTE;BOA VISTA;RR;****;05/10/2013;18:30:00;0
49911;49911;ACIDENTE;ALEGRETE;RS;SSLT;05/10/2013;21:00:00;0
49935;49935;INCIDENTE GRAVE;MARICÁ;RJ;SDMC;05/10/2013;18:29:00;0
49797;49797;INCIDENTE GRAVE;SALVADOR;BA;SBSV;06/10/2013;13:45:00;0
49957;49957;INCIDENTE;JOINVILLE;SC;SBJV;06/10/2013;22:30:00;0
49931;49931;INCIDENTE GRAVE;GOIÂNIA;GO;SBNV;09/10/2013;16:30:00;0
49958;49958;INCIDENTE;RIO DE JANEIRO;RJ;SBJR;09/10/2013;13:24:00;0
49932;49932;INCIDENTE GRAVE;PASSO FUNDO;RS;SSAQ;10/10/2013;18:07:00;0
49959;49959;INCIDENTE;BRAGANÇA PAULISTA;SP;SDJB;10/10/2013;16:40:00;0
49961;49961;INCIDENTE;VITÓRIA DA CONQUISTA;BA;SBQV;10/10/2013;17:17:00;0
49878;49878;ACIDENTE;QUATRO BARRAS;PR;****;11/10/2013;18:53:00;1
49962;49962;INCIDENTE;RIO DE JANEIRO;RJ;SBJR;11/10/2013;23:15:00;0
49963;49963;INCIDENTE;TABATINGA;AM;SBTT;11/10/2013;14:30:00;0
49964;49964;INCIDENTE;LONDRINA;PR;****;11/10/2013;22:05:00;0
50093;50093;INCIDENTE GRAVE;SÃO PAULO;SP;SBMT;11/10/2013;22:50:00;0
50153;50153;INCIDENTE;RIBEIRÃO PRETO;SP;SBRP;11/10/2013;20:36:00;0
49880;49880;ACIDENTE;COTEGIPE;BA;****;12/10/2013;18:40:00;7
49933;49933;INCIDENTE GRAVE;VENDA NOVA DO IMIGRANTE;ES;****;12/10/2013;18:00:00;0
49934;49934;INCIDENTE GRAVE;VARGINHA;MG;SBVG;12/10/2013;12:25:00;0
49965;49965;INCIDENTE;FORTALEZA;CE;SBFZ;12/10/2013;10:25:00;0
49966;49966;INCIDENTE;RIO DE JANEIRO;RJ;SBRJ;13/10/2013;13:50:00;0
49882;49882;ACIDENTE;RIO CLARO;SP;SDRK;14/10/2013;15:30:00;1
49892;49892;ACIDENTE;PROMISSÃO;SP;****;14/10/2013;20:10:00;1
50095;50095;INCIDENTE GRAVE;ITAPIPOCA;CE;****;15/10/2013;14:30:00;2
49967;49967;INCIDENTE;BELO HORIZONTE;MG;SBBH;16/10/2013;12:09:00;0
49968;49968;INCIDENTE;CAMPINAS;SP;****;18/10/2013;16:15:00;0
50173;50173;INCIDENTE;LONDRINA;PR;SBLO;18/10/2013;18:15:00;0
50174;50174;INCIDENTE;BELO HORIZONTE;MG;SBBH;18/10/2013;17:45:00;0
50091;50091;ACIDENTE;CORUMBÁ;MS;****;19/10/2013;11:05:00;0
50176;50176;INCIDENTE;MARABÁ;PA;SBMA;19/10/2013;14:55:00;0
50192;50192;INCIDENTE;BRAGANÇA PAULISTA;SP;****;19/10/2013;12:00:00;0
50211;50211;INCIDENTE;RIO DE JANEIRO;RJ;****;19/10/2013;14:40:00;0
50053;50053;ACIDENTE;CAMPO GRANDE;MS;SSAY;20/10/2013;18:40:00;0
50291;50291;ACIDENTE;MARICÁ;RJ;****;21/10/2013;18:40:00;2
50292;50292;ACIDENTE;JOINVILLE;SC;SBJV;22/10/2013;19:40:00;1
50314;50314;ACIDENTE;MUCUGÊ;BA;****;22/10/2013;20:06:00;7
50213;50213;INCIDENTE;DOURADOS;MS;SSDO;23/10/2013;17:30:00;0
50533;50533;INCIDENTE;RIO DE JANEIRO;RJ;SBJR;23/10/2013;19:15:00;0
50214;50214;INCIDENTE;LONDRINA;PR;****;24/10/2013;23:00:00;0
50254;50254;INCIDENTE;PORTO ALEGRE;RS;SBPA;24/10/2013;12:33:00;0
50255;50255;INCIDENTE;VITÓRIA;ES;SBVT;24/10/2013;11:46:00;0
50534;50534;INCIDENTE;SÃO PAULO;SP;SBMT;25/10/2013;15:00:00;0
50097;50097;INCIDENTE GRAVE;RIO DE JANEIRO;RJ;SBGL;27/10/2013;18:20:00;2
50317;50317;ACIDENTE;TANGARÁ DA SERRA;MT;SDVI;27/10/2013;13:00:00;0
50320;50320;ACIDENTE;ILHÉUS;BA;SBIL;27/10/2013;19:46:00;4
50321;50321;ACIDENTE;ITAITUBA;PA;****;29/10/2013;12:25:00;0
50322;50322;INCIDENTE GRAVE;SÃO LUÍS;MA;SBSL;30/10/2013;16:54:00;0
50257;50257;INCIDENTE;TIETÊ;SP;SDET;31/10/2013;19:00:00;0
50517;50517;INCIDENTE;BELO HORIZONTE;MG;SBPR;02/11/2013;16:15:00;0
50535;50535;INCIDENTE;GUARULHOS;SP;SBGR;02/11/2013;16:00:00;0
50099;50099;INCIDENTE GRAVE;FORTALEZA;CE;SBFZ;04/11/2013;14:10:00;0
50258;50258;INCIDENTE;CAMPO GRANDE;MS;SBCG;04/11/2013;16:25:00;0
50324;50324;ACIDENTE;LAVRAS;MG;****;04/11/2013;13:30:00;0
50349;50349;ACIDENTE;TAPURAH;MT;****;04/11/2013;21:39:00;0
50259;50259;INCIDENTE;FERNANDO DE NORONHA;PE;SBFN;06/11/2013;18:42:00;0
50331;50331;ACIDENTE;SAPEZAL;MT;****;06/11/2013;10:40:00;1
50542;50542;INCIDENTE;POÇOS DE CALDAS;MG;****;06/11/2013;08:30:00;0
50543;50543;INCIDENTE;SALVADOR;BA;****;06/11/2013;12:37:00;0
50260;50260;INCIDENTE;RIO DE JANEIRO;RJ;****;07/11/2013;13:30:00;0
50131;50131;ACIDENTE;URUGUAIANA;RS;****;08/11/2013;21:10:00;0
50271;50271;INCIDENTE;ITAJUBÁ;MG;****;08/11/2013;20:15:00;0
50332;50332;ACIDENTE;CIANORTE;PR;SSCT;08/11/2013;18:00:00;0
50132;50132;ACIDENTE;PARATY;RJ;****;10/11/2013;17:00:00;0
50511;50511;INCIDENTE GRAVE;ALMEIRIM;PA;****;10/11/2013;12:30:00;1
50333;50333;ACIDENTE;JARINU;SP;****;11/11/2013;12:10:00;1
50273;50273;INCIDENTE;BRAGANÇA PAULISTA;SP;SBBP;13/11/2013;14:00:00;0
50325;50325;INCIDENTE;FLORIANÓPOLIS;SC;SBFL;14/11/2013;23:54:00;0
50334;50334;ACIDENTE;GUARAMIRIM;SC;****;14/11/2013;19:00:00;0
50372;50372;INCIDENTE;FLORIANÓPOLIS;SC;SBFL;14/11/2013;21:19:00;0
50544;50544;INCIDENTE;BELO HORIZONTE;MG;SBBH;14/11/2013;17:46:00;0
50275;50275;INCIDENTE;RIBAS DO RIO PARDO;MS;SDHP;15/11/2013;16:40:00;0
50545;50545;INCIDENTE;SALVADOR;BA;SBSV;15/11/2013;18:51:00;0
50352;50352;ACIDENTE;BOM DESPACHO;MG;****;16/11/2013;21:30:00;0
50276;50276;INCIDENTE;BIRITIBA-MIRIM;SP;****;20/11/2013;15:30:00;0
50335;50335;ACIDENTE;UBERABA;MG;SBUR;20/11/2013;21:15:00;0
50337;50337;ACIDENTE;MANGARATIBA;RJ;****;20/11/2013;11:30:00;2
50546;50546;INCIDENTE;RECIFE;PE;SBRF;21/11/2013;14:25:00;0
50547;50547;INCIDENTE;GOIÂNIA;GO;****;21/11/2013;01:19:00;0
50549;50549;INCIDENTE;VITÓRIA;ES;****;22/11/2013;13:05:00;0
50551;50551;INCIDENTE;CURITIBA;PR;SBBI;22/11/2013;17:35:00;0
50552;50552;INCIDENTE;LONDRINA;PR;****;24/11/2013;19:30:00;0
50554;50554;INCIDENTE;CAMPINAS;SP;SBKP;24/11/2013;11:06:00;0
50313;50313;INCIDENTE GRAVE;CACOAL;RO;SSKW;25/11/2013;12:32:00;0
50373;50373;INCIDENTE;NOVO PROGRESSO;PA;****;27/11/2013;18:46:00;0
50556;50556;INCIDENTE;GOIÂNIA;GO;SBGO;28/11/2013;15:13:00;0
50339;50339;ACIDENTE;MOGI MIRIM;SP;****;29/11/2013;19:30:00;0
50374;50374;INCIDENTE;RIO DE JANEIRO;RJ;SBGL;02/12/2013;00:27:00;0
50375;50375;INCIDENTE;RIO DE JANEIRO;RJ;****;02/12/2013;00:16:00;0
50557;50557;INCIDENTE;MANAUS;AM;SBEG;02/12/2013;11:17:00;0
50558;50558;INCIDENTE;RECIFE;PE;SBRF;02/12/2013;15:00:00;0
50559;50559;INCIDENTE;RIO DE JANEIRO;RJ;SBGL;02/12/2013;00:17:00;0
50341;50341;ACIDENTE;PALMEIRA DAS MISSÕES;RS;SSPL;03/12/2013;17:30:00;0
50513;50513;INCIDENTE GRAVE;SÃO JOSÉ DOS PINHAIS;PR;SBCT;03/12/2013;14:10:00;0
50560;50560;INCIDENTE;LONDRINA;PR;SBLO;03/12/2013;12:20:00;0
50838;50838;ACIDENTE;MIRACATU;SP;****;03/12/2013;13:15:00;0
50342;50342;ACIDENTE;NOVO PROGRESSO;PA;SJNP;04/12/2013;14:30:00;4
50343;50343;ACIDENTE;SOROCABA;SP;SBMT;05/12/2013;11:20:00;1
50561;50561;INCIDENTE;SÃO PAULO;SP;****;05/12/2013;20:00:00;0
50562;50562;INCIDENTE;SÃO JOSÉ DOS CAMPOS;SP;SBSJ;05/12/2013;00:15:00;0
50399;50399;INCIDENTE;MANAUS;AM;SBEG;06/12/2013;21:52:00;0
50515;50515;INCIDENTE GRAVE;BARRA DO GARÇAS;MT;SBBW;06/12/2013;20:48:00;0
50563;50563;INCIDENTE;GOIÂNIA;GO;****;06/12/2013;13:20:00;0
50344;50344;ACIDENTE;SANTA CRUZ DO RIO PARDO;SP;****;07/12/2013;10:00:00;1
50353;50353;ACIDENTE;ATIBAIA;SP;SDVH;07/12/2013;20:30:00;0
50564;50564;INCIDENTE;GUARULHOS;SP;SBGR;07/12/2013;07:00:00;0
50531;50531;INCIDENTE;GURUPI;TO;****;08/12/2013;20:00:00;0
50239;50239;ACIDENTE;JUÍNA;MT;SWJN;10/12/2013;13:12:00;0
50346;50346;ACIDENTE;BRASÍLIA;DF;SIQE;10/12/2013;12:05:00;0
50354;50354;ACIDENTE;ITAPEVA;SP;SDYW;10/12/2013;20:00:00;0
50376;50376;INCIDENTE;RIO DE JANEIRO;RJ;****;10/12/2013;11:05:00;0
50377;50377;INCIDENTE;ALTAMIRA;PA;SBHT;10/12/2013;21:40:00;0
50565;50565;INCIDENTE;CAMPINAS;SP;****;11/12/2013;01:30:00;0
50245;50245;ACIDENTE;PRIMAVERA DO LESTE;MT;****;13/12/2013;12:00:00;0
50412;50412;ACIDENTE;TERRA RICA;PR;****;13/12/2013;03:00:00;0
50516;50516;INCIDENTE GRAVE;UBERLÂNDIA;MG;SBUL;14/12/2013;22:49:00;0
50233;50233;ACIDENTE;CASCAVEL;PR;SBCA;15/12/2013;14:25:00;0
50248;50248;ACIDENTE;TUPI PAULISTA;SP;SDTI;15/12/2013;20:30:00;0
50238;50238;ACIDENTE;TERESINA;PI;SBTE;16/12/2013;21:48:00;6
50378;50378;INCIDENTE;BRASÍLIA;DF;SBBR;16/12/2013;16:00:00;0
50379;50379;INCIDENTE;BELO HORIZONTE;MG;SBBH;16/12/2013;02:01:00;0
50431;50431;INCIDENTE;MATRIZ DE CAMARAGIBE;AL;****;16/12/2013;18:14:00;0
50453;50453;ACIDENTE;FOZ DO IGUAÇU;PR;****;16/12/2013;19:42:00;0
50240;50240;ACIDENTE;ITAQUI;RS;****;18/12/2013;11:45:00;3
50246;50246;ACIDENTE;TAPURAH;MT;****;18/12/2013;12:40:00;2
50251;50251;ACIDENTE;SANTO ANTÔNIO DO LEVERGER;MT;SWLV;18/12/2013;09:55:00;0
50315;50315;INCIDENTE GRAVE;PASSO FUNDO;RS;SBPF;18/12/2013;20:30:00;0
50319;50319;INCIDENTE;BRAGANÇA PAULISTA;SP;SBBP;18/12/2013;20:14:00;0
50380;50380;INCIDENTE;RIBEIRÃO PRETO;SP;SBRP;18/12/2013;17:14:00;0
50381;50381;INCIDENTE;PRESIDENTE PRUDENTE;SP;SBDN;18/12/2013;11:40:00;0
50382;50382;INCIDENTE;SANTARÉM;PA;SBSN;18/12/2013;01:45:00;0
50674;50674;INCIDENTE;LONDRINA;PR;SBLO;18/12/2013;21:35:00;0
50318;50318;INCIDENTE GRAVE;BELO HORIZONTE;MG;SBPR;19/12/2013;17:00:00;0
50371;50371;INCIDENTE;ARACAJU;SE;****;19/12/2013;19:00:00;0
50383;50383;INCIDENTE;BELO HORIZONTE;MG;SBBH;19/12/2013;18:50:00;0
50384;50384;INCIDENTE;CAMPINAS;SP;****;19/12/2013;19:30:00;0
50234;50234;ACIDENTE;SÃO JOSÉ DOS CAMPOS;SP;SBSJ;20/12/2013;15:35:00;0
50654;50654;INCIDENTE;PASSO FUNDO;RS;SBPF;21/12/2013;15:00:00;0
50388;50388;INCIDENTE;SÃO BERNARDO DO CAMPO;SP;****;22/12/2013;17:40:00;0
50389;50389;INCIDENTE;RIO DE JANEIRO;RJ;SBJR;23/12/2013;12:05:00;0
50252;50252;ACIDENTE;ROSÁRIO DO SUL;RS;****;26/12/2013;19:00:00;0
50390;50390;INCIDENTE;GUARULHOS;SP;SBGR;26/12/2013;23:40:00;0
50434;50434;INCIDENTE;SÃO PAULO;SP;SBMT;27/12/2013;15:26:00;0
50433;50433;INCIDENTE;BAIXO GUANDU;ES;SNBG;28/12/2013;12:45:00;0
50236;50236;ACIDENTE;CANDEIAS DO JAMARI;RO;****;29/12/2013;19:00:00;0
50435;50435;INCIDENTE;RIO DE JANEIRO;RJ;SBRJ;29/12/2013;20:07:00;0
50672;50672;INCIDENTE;PARANAGUÁ;PR;SSPG;29/12/2013;20:45:00;0
50673;50673;INCIDENTE;CURITIBA;PR;SBBI;29/12/2013;19:58:00;0
50347;50347;ACIDENTE;CARAZINHO;RS;SSKZ;30/12/2013;11:35:00;0
50253;50253;ACIDENTE;NOVA PONTE;MG;****;31/12/2013;14:25:00;0
51087;51087;INCIDENTE;MANAUS;AM;SWFN;02/01/2014;12:30:00;0
52944;52944;INCIDENTE;SÃO PAULO;SP;SBMT;02/01/2014;19:30:00;0
50771;50771;ACIDENTE;UBERABA;MG;****;03/01/2014;11:15:00;0
51091;51091;INCIDENTE;RIO DE JANEIRO;RJ;****;03/01/2014;10:21:00;0
51092;51092;INCIDENTE;MACAÉ;RJ;SBME;03/01/2014;21:24:00;0
52934;52934;ACIDENTE;LAGOA FORMOSA;MG;****;03/01/2014;21:00:00;2
51093;51093;INCIDENTE;BELO HORIZONTE;MG;SBBH;04/01/2014;12:23:00;0
52936;52936;ACIDENTE;SÃO JOSÉ DO XINGU;MT;****;04/01/2014;17:35:00;0
52939;52939;ACIDENTE;ITAQUI;RS;SSIQ;06/01/2014;20:00:00;0
52814;52814;ACIDENTE;BOM JESUS;PI;SNGG;07/01/2014;11:45:00;1
52937;52937;ACIDENTE;PRIMAVERA DO LESTE;MT;****;07/01/2014;20:59:00;0
51439;51439;INCIDENTE GRAVE;SANTARÉM;PA;SBSN;08/01/2014;15:15:00;0
52938;52938;ACIDENTE;LONDRINA;PR;SBLO;08/01/2014;19:48:00;0
51094;51094;INCIDENTE;SÃO LUÍS;MA;SBSL;09/01/2014;08:22:00;0
51440;51440;INCIDENTE GRAVE;RECIFE;PE;SBRF;09/01/2014;16:08:00;1
52935;52935;ACIDENTE;SANTO ÂNGELO;RS;SBNM;09/01/2014;18:45:00;1
51095;51095;INCIDENTE;RIO DE JANEIRO;RJ;****;10/01/2014;18:00:00;0
51096;51096;INCIDENTE;RIO DE JANEIRO;RJ;****;10/01/2014;13:30:00;0
51097;51097;INCIDENTE;PORTO ALEGRE;RS;****;10/01/2014;03:00:00;0
51098;51098;INCIDENTE;BRASÍLIA;DF;****;11/01/2014;19:18:00;0
52940;52940;ACIDENTE;QUARTO CENTENÁRIO;PR;****;11/01/2014;10:40:00;0
50791;50791;ACIDENTE;SANTA MARIA MADALENA;RJ;****;12/01/2014;13:50:00;0
51099;51099;INCIDENTE;CABEDELO;PB;SNJO;12/01/2014;18:30:00;0
52941;52941;ACIDENTE;ITAITUBA;PA;SNXR;12/01/2014;20:30:00;0
51111;51111;INCIDENTE;JOINVILLE;SC;SBJV;13/01/2014;21:47:00;0
50984;50984;ACIDENTE;QUERÊNCIA DO NORTE;PR;****;14/01/2014;22:30:00;0
51072;51072;INCIDENTE;CAPÃO DA CANOA;RS;SSKK;14/01/2014;14:15:00;0
51112;51112;INCIDENTE;RIO DE JANEIRO;RJ;SBJR;14/01/2014;18:59:00;0
51131;51131;INCIDENTE;BRASÍLIA;DF;SBBR;14/01/2014;17:48:00;0
51132;51132;INCIDENTE;VITÓRIA;ES;SBVT;14/01/2014;10:00:00;0
51133;51133;INCIDENTE;CAMPINAS;SP;****;15/01/2014;20:28:00;0
51134;51134;INCIDENTE;BELÉM;PA;SBBE;16/01/2014;18:15:00;0
51073;51073;INCIDENTE;CABO FRIO;RJ;SBCB;17/01/2014;10:17:00;0
51135;51135;INCIDENTE;GUARULHOS;SP;SBGR;17/01/2014;13:05:00;0
51137;51137;INCIDENTE;RIBEIRÃO PRETO;SP;SBRP;17/01/2014;15:41:00;0
51139;51139;INCIDENTE;RIO DE JANEIRO;RJ;SBJR;18/01/2014;19:18:00;0
51140;51140;INCIDENTE;SÃO JOSÉ DO RIO PRETO;SP;SBSR;18/01/2014;12:39:00;0
52942;52942;ACIDENTE;MANAUS;AM;SWFN;18/01/2014;19:50:00;0
52943;52943;INCIDENTE;GOIÂNIA;GO;SBNV;20/01/2014;11:45:00;0
50792;50792;ACIDENTE;CAMPO GRANDE;MS;****;21/01/2014;20:10:00;0
51141;51141;INCIDENTE;JUNDIAÍ;SP;SBJD;21/01/2014;21:00:00;0
51418;51418;INCIDENTE GRAVE;JOSÉ BONIFÁCIO;SP;****;21/01/2014;14:30:00;0
51142;51142;INCIDENTE;SÃO PAULO;SP;SBSP;22/01/2014;22:10:00;0
51143;51143;INCIDENTE;SÃO PAULO;SP;SBMT;22/01/2014;21:55:00;0
51144;51144;INCIDENTE;RECIFE;PE;SBRF;23/01/2014;09:50:00;0
51145;51145;INCIDENTE;MUCURI;BA;SNMU;23/01/2014;17:15:00;0
51146;51146;INCIDENTE;RIO DE JANEIRO;RJ;SBRJ;24/01/2014;21:35:00;0
51147;51147;INCIDENTE;CAXIAS DO SUL;RS;SBCX;24/01/2014;19:30:00;0
51148;51148;INCIDENTE;FLORIANÓPOLIS;SC;SBFL;24/01/2014;11:00:00;0
51419;51419;ACIDENTE;BOTUCATU;SP;****;24/01/2014;15:15:00;0
51149;51149;INCIDENTE;RIO DE JANEIRO;RJ;****;25/01/2014;01:10:00;0
51151;51151;INCIDENTE;SÃO PAULO;SP;SBMT;26/01/2014;19:40:00;0
51153;51153;INCIDENTE;PIRACICABA;SP;SDPW;26/01/2014;14:04:00;0
50794;50794;ACIDENTE;TURMALINA;MG;****;27/01/2014;08:20:00;0
51154;51154;INCIDENTE;PORTO ALEGRE;RS;SBPA;27/01/2014;21:30:00;0
51768;51768;INCIDENTE;BRASÍLIA;DF;SBBR;27/01/2014;01:00:00;0
51155;51155;INCIDENTE;VITÓRIA;ES;SBVT;28/01/2014;18:40:00;0
50797;50797;ACIDENTE;CACHOEIRA DO SUL;RS;SSKS;29/01/2014;13:40:00;2
51015;51015;INCIDENTE GRAVE;GUARUJÁ;SP;SBST;29/01/2014;17:00:00;1
51156;51156;INCIDENTE;GOIÂNIA;GO;SBGO;30/01/2014;12:39:00;0
51157;51157;INCIDENTE;FORTALEZA;CE;SBFZ;30/01/2014;10:10:00;0
51158;51158;INCIDENTE;RIO BRANCO;AC;SBRB;30/01/2014;19:50:00;0
51420;51420;ACIDENTE;ITANHAÉM;SP;****;30/01/2014;20:40:00;0
50799;50799;ACIDENTE;UNAÍ;MG;SNUN;31/01/2014;10:30:00;0
51159;51159;INCIDENTE;GOIÂNIA;GO;SBGO;31/01/2014;20:37:00;0
51160;51160;INCIDENTE;LONDRINA;PR;SSOK;31/01/2014;13:30:00;0
51161;51161;INCIDENTE;FORTALEZA;CE;SNWC;31/01/2014;12:45:00;0
53150;53150;ACIDENTE;MOGI MIRIM;SP;SDMJ;31/01/2014;21:00:00;0
50800;50800;ACIDENTE;SANTO ANTÔNIO DO LEVERGER;MT;****;01/02/2014;12:20:00;4
50801;50801;ACIDENTE;SOROCABA;SP;SDCO;01/02/2014;15:30:00;0
51074;51074;INCIDENTE;COARI;AM;****;01/02/2014;19:16:00;0
51421;51421;INCIDENTE;ATIBAIA;SP;SDTB;01/02/2014;20:00:00;0
51162;51162;INCIDENTE;RIO DE JANEIRO;RJ;SBRJ;02/02/2014;14:30:00;0
51163;51163;INCIDENTE;SÃO JOÃO DO POLÊSINE;RS;****;03/02/2014;22:25:00;0
51052;51052;INCIDENTE GRAVE;BATATAIS;SP;SDBA;04/02/2014;20:20:00;0
51164;51164;INCIDENTE;MACAÉ;RJ;SBME;04/02/2014;11:30:00;0
50802;50802;ACIDENTE;GARUVA;SC;****;05/02/2014;10:00:00;1
51165;51165;INCIDENTE;GUARULHOS;SP;SBGR;05/02/2014;13:00:00;0
51179;51179;INCIDENTE;BELO HORIZONTE;MG;SBBH;05/02/2014;16:57:00;0
51181;51181;INCIDENTE;CURITIBA;PR;****;05/02/2014;19:00:00;0
51053;51053;INCIDENTE GRAVE;ALEGRETE;RS;****;06/02/2014;13:00:00;0
51182;51182;INCIDENTE;RIO DE JANEIRO;RJ;SBJR;06/02/2014;18:24:00;0
50803;50803;ACIDENTE;SILVÂNIA;GO;SWLV;07/02/2014;13:10:00;0
51075;51075;INCIDENTE;FORTALEZA;CE;SBFZ;07/02/2014;21:55:00;1
50804;50804;ACIDENTE;PALMAS;TO;****;09/02/2014;13:30:00;0
50805;50805;ACIDENTE;REDENÇÃO;PA;****;09/02/2014;12:12:00;0
51054;51054;INCIDENTE GRAVE;MARINGÁ;PR;SBMG;09/02/2014;20:40:00;0
51076;51076;INCIDENTE;UBERLÂNDIA;MG;SBUL;09/02/2014;18:12:00;0
51077;51077;INCIDENTE;PORTO ALEGRE;RS;SBPA;09/02/2014;22:20:00;0
51185;51185;INCIDENTE;FLORIANÓPOLIS;SC;****;09/02/2014;00:20:00;0
51186;51186;INCIDENTE;RIO DE JANEIRO;RJ;SBRJ;09/02/2014;17:40:00;0
51189;51189;INCIDENTE;RIO DE JANEIRO;RJ;SBGL;10/02/2014;02:56:00;0
51211;51211;INCIDENTE;RIBEIRÃO PRETO;SP;SBRP;10/02/2014;21:44:00;0
51258;51258;INCIDENTE;BELO HORIZONTE;MG;SBBH;11/02/2014;19:10:00;0
50806;50806;ACIDENTE;CHAPADÃO DO SUL;MS;****;12/02/2014;09:12:00;0
51259;51259;INCIDENTE;BRASÍLIA;DF;SBBR;12/02/2014;14:25:00;0
51260;51260;INCIDENTE;BRASÍLIA;DF;SBBR;12/02/2014;14:10:00;0
51261;51261;INCIDENTE;UBERLÂNDIA;MG;SBUL;12/02/2014;12:52:00;0
51262;51262;INCIDENTE;POÇOS DE CALDAS;MG;SBPC;12/02/2014;18:30:00;0
51263;51263;INCIDENTE;MANAUS;AM;SBEG;12/02/2014;10:55:00;0
51055;51055;INCIDENTE GRAVE;PARÁ DE MINAS;MG;****;13/02/2014;10:30:00;0
51071;51071;ACIDENTE;ARARAQUARA;SP;SBAQ;13/02/2014;17:45:00;0
51432;51432;ACIDENTE;GUARIBA;SP;****;13/02/2014;17:00:00;0
51264;51264;INCIDENTE;RIO DE JANEIRO;RJ;SBJR;14/02/2014;19:42:00;0
50807;50807;ACIDENTE;TRINDADE;GO;****;15/02/2014;11:30:00;0
50808;50808;ACIDENTE;BRAGANÇA;PA;****;15/02/2014;22:00:00;0
51019;51019;INCIDENTE GRAVE;CABO FRIO;RJ;SBCB;16/02/2014;09:52:00;0
51265;51265;INCIDENTE;BRASÍLIA;DF;SBBR;17/02/2014;17:45:00;0
51266;51266;INCIDENTE;BELO HORIZONTE;MG;SBPR;17/02/2014;18:30:00;0
50809;50809;ACIDENTE;RIO DE JANEIRO;RJ;SBRJ;18/02/2014;13:15:00;0
51267;51267;INCIDENTE;RIO BRANCO;AC;SBRB;18/02/2014;20:36:00;0
50810;50810;ACIDENTE;UIRAMUTÃ;RR;SJLO;19/02/2014;17:35:00;0
50952;50952;ACIDENTE;ARAGUAÍNA;TO;SWGN;19/02/2014;19:21:00;0
51012;51012;ACIDENTE;ALTO PARAGUAI;MT;****;19/02/2014;14:30:00;0
51268;51268;INCIDENTE;UBERLÂNDIA;MG;SBUL;19/02/2014;22:20:00;0
52876;52876;ACIDENTE;RONDONÓPOLIS;MT;****;19/02/2014;11:00:00;0
51017;51017;INCIDENTE;UBERLÂNDIA;MG;SBUL;20/02/2014;20:16:00;0
51269;51269;INCIDENTE;BELO HORIZONTE;MG;SBBH;20/02/2014;12:48:00;0
51016;51016;INCIDENTE GRAVE;SOROCABA;SP;SDCO;21/02/2014;20:44:00;0
50991;50991;ACIDENTE;COTRIGUAÇU;MT;****;24/02/2014;09:00:00;0
50812;50812;ACIDENTE;NOVA RAMADA;RS;****;25/02/2014;20:12:00;0
50983;50983;ACIDENTE;ARAGUAÍNA;TO;****;26/02/2014;11:15:00;0
51433;51433;ACIDENTE;AMERICANA;SP;SDAI;26/02/2014;15:30:00;0
50975;50975;ACIDENTE;URUÇUÍ;PI;****;27/02/2014;20:30:00;0
51020;51020;INCIDENTE GRAVE;RIO DE JANEIRO;RJ;SBGL;28/02/2014;19:10:00;1
50976;50976;ACIDENTE;ATIBAIA;SP;SDVH;02/03/2014;16:20:00;0
50977;50977;ACIDENTE;CAROLINA;MA;****;03/03/2014;11:26:00;0
51021;51021;INCIDENTE GRAVE;SANTO ÂNGELO;RS;****;03/03/2014;13:35:00;0
51434;51434;ACIDENTE;JOÃO MONLEVADE;MG;****;04/03/2014;19:30:00;0
50916;50916;INCIDENTE GRAVE;RIO BRANCO;AC;****;06/03/2014;13:00:00;1
51078;51078;INCIDENTE;RIO DE JANEIRO;RJ;SBGL;08/03/2014;09:20:00;0
50978;50978;ACIDENTE;ARIPUANÃ;MT;****;09/03/2014;13:40:00;0
51022;51022;INCIDENTE GRAVE;MARÍLIA;SP;****;09/03/2014;17:10:00;0
51285;51285;INCIDENTE;RIBEIRÃO PRETO;SP;****;09/03/2014;14:21:00;0
51435;51435;ACIDENTE;ITABAIANA;SE;****;09/03/2014;19:45:00;0
51023;51023;INCIDENTE GRAVE;CHAVES;PA;SNXW;10/03/2014;17:30:00;1
51302;51302;INCIDENTE;SALVADOR;BA;****;10/03/2014;22:13:00;0
50979;50979;ACIDENTE;SANTA ROSA DO PURUS;AC;SSPQ;11/03/2014;20:00:00;0
50980;50980;ACIDENTE;CONCEIÇÃO DO ARAGUAIA;PA;****;11/03/2014;18:30:00;0
51304;51304;INCIDENTE;UBATUBA;SP;****;11/03/2014;18:50:00;0
51307;51307;INCIDENTE;CAMPINAS;SP;SBKP;13/03/2014;21:57:00;0
50981;50981;ACIDENTE;URUÇUÍ;PI;****;14/03/2014;20:30:00;0
50753;50753;ACIDENTE;JUNDIAÍ;SP;SBJD;16/03/2014;16:30:00;0
51024;51024;INCIDENTE GRAVE;VALENÇA;RJ;SNVB;16/03/2014;17:00:00;0
51025;51025;INCIDENTE GRAVE;LONDRINA;PR;SBLO;17/03/2014;15:36:00;0
51026;51026;INCIDENTE GRAVE;CURITIBA;PR;SBBI;17/03/2014;19:48:00;1
50972;50972;ACIDENTE;JACAREACANGA;PA;****;18/03/2014;15:50:00;1
51079;51079;INCIDENTE;COARI;AM;****;18/03/2014;18:45:00;0
51308;51308;INCIDENTE;RIO DE JANEIRO;RJ;SBGL;18/03/2014;11:10:00;0
51309;51309;INCIDENTE;FORTALEZA;CE;SBFZ;18/03/2014;12:35:00;0
51310;51310;INCIDENTE;TEFÉ;AM;SBTF;20/03/2014;13:41:00;0
51314;51314;INCIDENTE;BELO HORIZONTE;MG;SBBH;21/03/2014;08:35:00;0
51315;51315;INCIDENTE;RIO DE JANEIRO;RJ;SBJR;21/03/2014;13:30:00;0
51080;51080;INCIDENTE;RIO DE JANEIRO;RJ;SBJR;22/03/2014;20:08:00;0
51317;51317;INCIDENTE;BOTUCATU;SP;SDBK;22/03/2014;19:50:00;0
51455;51455;INCIDENTE;BARRA DO PIRAÍ;RJ;****;22/03/2014;12:00:00;0
50992;50992;ACIDENTE;RIBEIRÃO PRETO;SP;****;23/03/2014;13:55:00;0
50993;50993;ACIDENTE;PASSO FUNDO;RS;****;23/03/2014;17:50:00;0
51318;51318;INCIDENTE;UBERABA;MG;SBUR;23/03/2014;15:49:00;0
50994;50994;ACIDENTE;HUMBERTO DE CAMPOS;MA;****;24/03/2014;13:30:00;2
51319;51319;INCIDENTE;BELÉM;PA;SBBE;24/03/2014;18:30:00;0
51320;51320;INCIDENTE;ANÁPOLIS;GO;****;24/03/2014;18:45:00;0
51081;51081;INCIDENTE;MACAÉ;RJ;****;25/03/2014;20:00:00;0
51321;51321;INCIDENTE;CAMPO GRANDE;MS;SBCG;25/03/2014;18:57:00;0
50995;50995;ACIDENTE;POTIRENDABA;SP;****;26/03/2014;21:20:00;1
50996;50996;ACIDENTE;DOM PEDRITO;RS;****;26/03/2014;21:45:00;1
51322;51322;INCIDENTE;SALVADOR;BA;****;26/03/2014;13:58:00;0
50923;50923;INCIDENTE;FORTALEZA;CE;SBFZ;28/03/2014;19:19:00;0
50998;50998;ACIDENTE;SANTA RITA DO ARAGUAIA;GO;SIFH;28/03/2014;19:15:00;1
50999;50999;ACIDENTE;BRASÍLIA;DF;SBBR;28/03/2014;20:42:00;0
51000;51000;ACIDENTE;BRAGANÇA PAULISTA;SP;SBBP;29/03/2014;20:45:00;0
51323;51323;INCIDENTE;CAMPO GRANDE;MS;SBCG;30/03/2014;05:29:00;0
51324;51324;INCIDENTE;CAMPINAS;SP;SBKP;30/03/2014;22:54:00;0
51325;51325;INCIDENTE;CURITIBA;PR;SBBI;03/04/2014;22:23:00;0
50974;50974;ACIDENTE;CORGUINHO;MS;SSKG;04/04/2014;12:00:00;0
51326;51326;INCIDENTE;GUARULHOS;SP;****;04/04/2014;06:25:00;0
51327;51327;INCIDENTE;UBERLÂNDIA;MG;SBUL;05/04/2014;11:32:00;0
50919;50919;ACIDENTE;CAMPO BONITO;PR;****;06/04/2014;10:25:00;0
51001;51001;ACIDENTE;ARIPUANÃ;MT;****;06/04/2014;11:30:00;0
50973;50973;ACIDENTE;ARAPONGAS;PR;SSOG;07/04/2014;14:35:00;0
51328;51328;INCIDENTE;PORTO VELHO;RO;SBPV;07/04/2014;18:15:00;0
51330;51330;INCIDENTE;CABO FRIO;RJ;****;07/04/2014;17:15:00;0
51336;51336;INCIDENTE;BELO HORIZONTE;MG;SBBH;08/04/2014;22:45:00;0
50918;50918;ACIDENTE;AMERICANA;SP;SDAI;09/04/2014;14:40:00;0
50921;50921;INCIDENTE;SANTANA DO PARAÍSO;MG;SBIP;09/04/2014;16:30:00;0
50922;50922;INCIDENTE;FOZ DO IGUAÇU;PR;SBFI;09/04/2014;18:08:00;0
50985;50985;ACIDENTE;PATOS DE MINAS;MG;****;09/04/2014;10:00:00;0
51027;51027;INCIDENTE GRAVE;GUARULHOS;SP;SBGR;09/04/2014;16:17:00;3
51031;51031;INCIDENTE GRAVE;MIRANORTE;TO;****;09/04/2014;17:30:00;0
51337;51337;INCIDENTE;BELO HORIZONTE;MG;SBBH;10/04/2014;19:44:00;0
51338;51338;INCIDENTE;SALVADOR;BA;SBSV;10/04/2014;11:30:00;0
51082;51082;INCIDENTE;RIO DE JANEIRO;RJ;SBGL;11/04/2014;01:00:00;0
51013;51013;ACIDENTE;EDÉIA;GO;****;12/04/2014;19:30:00;0
51083;51083;INCIDENTE;GOIÂNIA;GO;SBGO;12/04/2014;15:59:00;6
51339;51339;INCIDENTE;JOINVILLE;SC;SBJV;13/04/2014;15:19:00;0
51340;51340;INCIDENTE;VÁRZEA GRANDE;MT;SBCY;14/04/2014;19:00:00;0
51002;51002;ACIDENTE;RIO GRANDE;RS;SJRG;15/04/2014;18:45:00;0
51341;51341;INCIDENTE;BELÉM;PA;SBJC;15/04/2014;20:53:00;0
51003;51003;ACIDENTE;IRANDUBA;AM;****;16/04/2014;20:40:00;0
51018;51018;INCIDENTE GRAVE;RIO DE JANEIRO;RJ;SBJR;16/04/2014;17:07:00;0
51342;51342;INCIDENTE;SÃO JOSÉ DOS PINHAIS;PR;SBCT;17/04/2014;03:10:00;0
51391;51391;ACIDENTE;CURITIBA;PR;SBBI;17/04/2014;15:35:00;0
51441;51441;INCIDENTE GRAVE;PATROCÍNIO;MG;SNPJ;17/04/2014;20:30:00;0
51084;51084;INCIDENTE;GUARULHOS;SP;SBGR;19/04/2014;14:41:00;0
51343;51343;INCIDENTE;SÃO PAULO;SP;SBMT;19/04/2014;13:25:00;0
51032;51032;INCIDENTE GRAVE;CAICÓ;RN;SNKK;20/04/2014;13:00:00;0
51004;51004;ACIDENTE;SÃO DESIDÉRIO;BA;****;22/04/2014;19:45:00;2
51005;51005;ACIDENTE;DOM PEDRITO;RS;****;22/04/2014;13:00:00;0
51344;51344;INCIDENTE;CONFINS;MG;SBCF;22/04/2014;12:30:00;0
51006;51006;ACIDENTE;TAQUARUSSU;MS;****;23/04/2014;12:30:00;0
51007;51007;ACIDENTE;SOROCABA;SP;SDCO;24/04/2014;18:55:00;0
51008;51008;ACIDENTE;AMERICANA;SP;SDAI;24/04/2014;17:00:00;0
51456;51456;INCIDENTE;FOZ DO IGUAÇU;PR;SBFI;24/04/2014;05:20:00;0
51086;51086;INCIDENTE;FORTALEZA;CE;SBFZ;26/04/2014;08:23:00;0
51442;51442;INCIDENTE GRAVE;OROCÓ;PE;****;26/04/2014;19:00:00;3
51457;51457;INCIDENTE;CAMPINAS;SP;SBKP;26/04/2014;21:44:00;0
51393;51393;ACIDENTE;PEDRA PRETA;MT;****;27/04/2014;20:00:00;1
80059;80059;INCIDENTE;IVINHEMA;MS;*****;27/04/2014;11:30:00;0
51345;51345;INCIDENTE;FLORIANÓPOLIS;SC;SBFL;29/04/2014;11:20:00;0
51346;51346;INCIDENTE;SOROCABA;SP;SDCO;29/04/2014;18:50:00;0
51009;51009;ACIDENTE;ITAITUBA;PA;****;30/04/2014;22:15:00;0
51033;51033;INCIDENTE GRAVE;CORRENTINA;BA;SNTY;30/04/2014;11:30:00;1
51458;51458;INCIDENTE;SÃO JOSÉ DOS PINHAIS;PR;SBCT;30/04/2014;10:11:00;0
51443;51443;INCIDENTE GRAVE;ITANHAÉM;SP;SDIM;01/05/2014;14:42:00;0
51010;51010;ACIDENTE;LUZIÂNIA;GO;SWUZ;02/05/2014;19:00:00;6
51011;51011;ACIDENTE;AQUIRAZ;CE;****;03/05/2014;15:30:00;2
51437;51437;INCIDENTE GRAVE;TAUBATÉ;SP;****;03/05/2014;14:50:00;0
51444;51444;INCIDENTE GRAVE;MARABÁ;PA;SBMA;03/05/2014;19:02:00;4
51347;51347;INCIDENTE;DIADEMA;SP;****;04/05/2014;16:00:00;0
51569;51569;INCIDENTE;SÃO JOSÉ DOS CAMPOS;SP;SBSJ;04/05/2014;16:16:00;0
51459;51459;INCIDENTE;PORTO ALEGRE;RS;SBPA;05/05/2014;16:55:00;0
51460;51460;INCIDENTE;BRASÍLIA;DF;SBBR;07/05/2014;20:09:00;0
51417;51417;INCIDENTE GRAVE;SÃO PAULO;SP;SBMT;08/05/2014;11:27:00;0
51461;51461;INCIDENTE;BELO HORIZONTE;MG;SBBH;08/05/2014;22:55:00;0
51445;51445;INCIDENTE GRAVE;CARAZINHO;RS;SSKZ;09/05/2014;16:05:00;0
51446;51446;INCIDENTE GRAVE;JATAÍ;GO;SWJW;09/05/2014;13:30:00;0
51451;51451;INCIDENTE;ALTAMIRA;PA;SBHT;09/05/2014;12:49:00;0
51462;51462;INCIDENTE;RIO DE JANEIRO;RJ;SBJR;09/05/2014;00:02:00;0
51463;51463;INCIDENTE;GOIÂNIA;GO;SBGO;09/05/2014;17:50:00;0
51394;51394;ACIDENTE;FOZ DO IGUAÇU;PR;****;10/05/2014;20:00:00;0
51412;51412;ACIDENTE;CACHOEIRA DO SUL;RS;****;10/05/2014;20:25:00;4
51464;51464;INCIDENTE;BARREIRAS;BA;SNBR;10/05/2014;13:40:00;0
51465;51465;INCIDENTE;RECIFE;PE;SBRF;12/05/2014;02:00:00;0
51448;51448;INCIDENTE GRAVE;SANTA INÊS;MA;SJBY;13/05/2014;13:55:00;1
51449;51449;INCIDENTE GRAVE;SINOP;MT;SWSI;13/05/2014;15:50:00;1
51471;51471;INCIDENTE;SANTARÉM;PA;SBSN;13/05/2014;11:43:00;0
51452;51452;INCIDENTE;ARACAJU;SE;SBAR;14/05/2014;15:34:00;0
51472;51472;INCIDENTE;SÃO PAULO;SP;SBMT;14/05/2014;20:20:00;0
51473;51473;INCIDENTE;FORTALEZA;CE;SBFZ;14/05/2014;11:15:00;0
51474;51474;INCIDENTE;RIO DE JANEIRO;RJ;SBJR;15/05/2014;13:48:00;0
51475;51475;INCIDENTE;TABATINGA;AM;SBTT;16/05/2014;15:05:00;0
51477;51477;INCIDENTE;SANTARÉM;PA;SBSN;16/05/2014;12:10:00;0
51453;51453;INCIDENTE;SÃO JOSÉ DO RIO PRETO;SP;SBSR;17/05/2014;11:53:00;0
51478;51478;INCIDENTE;JUNDIAÍ;SP;SBJD;17/05/2014;18:42:00;0
51479;51479;INCIDENTE;LONDRINA;PR;SBLO;18/05/2014;20:46:00;0
51436;51436;ACIDENTE;BRASÍLIA;DF;****;19/05/2014;18:00:00;0
51413;51413;ACIDENTE;ITAMARAJU;BA;****;21/05/2014;18:00:00;0
51480;51480;INCIDENTE;BELO HORIZONTE;MG;SBBH;21/05/2014;21:50:00;0
51541;51541;INCIDENTE;MANAUS;AM;SBEG;21/05/2014;15:20:00;0
51454;51454;INCIDENTE;PALMAS;TO;****;22/05/2014;04:13:00;0
51481;51481;INCIDENTE;ANÁPOLIS;GO;SBAN;27/05/2014;11:55:00;0
51438;51438;INCIDENTE GRAVE;CAMPINAS;SP;SDAM;28/05/2014;13:25:00;0
51482;51482;INCIDENTE;SÃO JOSÉ DOS CAMPOS;SP;SBSJ;29/05/2014;13:32:00;0
51542;51542;INCIDENTE;RIO DE JANEIRO;RJ;SBJR;29/05/2014;22:37:00;0
51414;51414;ACIDENTE;COARI;AM;SBUY;30/05/2014;02:16:00;6
51535;51535;ACIDENTE;SCHROEDER;SC;****;31/05/2014;17:46:00;0
51543;51543;INCIDENTE;BELÉM;PA;SBBE;31/05/2014;08:25:00;0
51544;51544;INCIDENTE;SÃO JOSÉ DOS CAMPOS;SP;SBSJ;31/05/2014;15:25:00;0
51545;51545;INCIDENTE;RECIFE;PE;SBRF;01/06/2014;00:45:00;0
51719;51719;INCIDENTE;GUARULHOS;SP;SBGR;01/06/2014;18:00:00;0
51538;51538;INCIDENTE;COARI;AM;****;03/06/2014;14:10:00;0
51546;51546;INCIDENTE;TEFÉ;AM;SBTF;03/06/2014;18:10:00;0
51536;51536;INCIDENTE GRAVE;JUNDIAÍ;SP;SBJD;06/06/2014;16:38:00;0
51547;51547;INCIDENTE;BELO HORIZONTE;MG;SBBH;06/06/2014;14:36:00;0
51416;51416;ACIDENTE;ARUANÃ;GO;****;07/06/2014;04:27:00;2
51517;51517;ACIDENTE;NOVA ANDRADINA;MS;****;07/06/2014;11:30:00;0
51531;51531;ACIDENTE;MAIRIPORÃ;SP;****;07/06/2014;14:50:00;0
51532;51532;ACIDENTE;ITAITUBA;PA;****;07/06/2014;13:00:00;0
51537;51537;INCIDENTE GRAVE;SANTO ANTÔNIO DO LEVERGER;MT;SWLV;08/06/2014;14:00:00;0
51539;51539;INCIDENTE;BRASÍLIA;DF;SBBR;08/06/2014;17:05:00;0
51548;51548;INCIDENTE;TABATINGA;AM;SBTT;08/06/2014;17:34:00;0
51549;51549;INCIDENTE;MARINGÁ;PR;SBMG;08/06/2014;21:20:00;0
51570;51570;INCIDENTE;BELÉM;PA;SBBE;08/06/2014;23:17:00;5
51550;51550;INCIDENTE;BELÉM;PA;SBBE;10/06/2014;16:30:00;0
51533;51533;ACIDENTE;BRAGANÇA PAULISTA;SP;SBBP;11/06/2014;15:15:00;0
51551;51551;INCIDENTE;ITÁPOLIS;SP;SDIO;11/06/2014;22:30:00;0
51552;51552;INCIDENTE;BELÉM;PA;SBBE;11/06/2014;21:50:00;0
51553;51553;INCIDENTE;PARINTINS;AM;SWPI;11/06/2014;16:54:00;0
51534;51534;ACIDENTE;ARUANÃ;GO;SWNH;13/06/2014;10:47:00;3
51554;51554;INCIDENTE;JUNDIAÍ;SP;SBJD;14/06/2014;15:30:00;0
51555;51555;INCIDENTE;RIO DE JANEIRO;RJ;SBGL;14/06/2014;04:35:00;0
51540;51540;INCIDENTE;NOVA GRANADA;SP;****;15/06/2014;19:50:00;0
51556;51556;INCIDENTE;BELÉM;PA;SBBE;15/06/2014;21:41:00;0
51567;51567;ACIDENTE;OUROESTE;SP;****;17/06/2014;18:00:00;0
51557;51557;INCIDENTE;MANAUS;AM;SBEG;18/06/2014;05:36:00;0
51559;51559;INCIDENTE;PETROLINA;PE;SBPL;18/06/2014;19:33:00;0
51568;51568;INCIDENTE GRAVE;MANAUS;AM;SWFN;19/06/2014;14:02:00;0
51653;51653;ACIDENTE;CRUZ ALTA;RS;SSAK;19/06/2014;19:00:00;1
51691;51691;INCIDENTE;FLORIANÓPOLIS;SC;SBFL;20/06/2014;11:30:00;0
51558;51558;INCIDENTE;DOURADOS;MS;****;21/06/2014;18:28:00;0
51673;51673;INCIDENTE GRAVE;SANTANA DO LIVRAMENTO;RS;SBPG;23/06/2014;13:45:00;0
51692;51692;INCIDENTE;SÃO JOSÉ DOS PINHAIS;PR;SBCT;23/06/2014;12:40:00;0
51591;51591;INCIDENTE;GOIÂNIA;GO;SBGO;24/06/2014;21:00:00;0
51592;51592;INCIDENTE;PARINTINS;AM;SWPI;24/06/2014;02:50:00;0
51693;51693;INCIDENTE;LONDRINA;PR;SBLO;25/06/2014;07:39:00;0
51571;51571;INCIDENTE;RIO DE JANEIRO;RJ;SBJR;27/06/2014;14:28:00;0
51731;51731;ACIDENTE;FORTALEZA;CE;****;27/06/2014;14:30:00;0
51757;51757;INCIDENTE;RIO DE JANEIRO;RJ;SBRJ;27/06/2014;15:30:00;0
51593;51593;INCIDENTE;MANAQUIRI;AM;****;29/06/2014;20:40:00;0
51596;51596;ACIDENTE;ITAÍ;SP;****;30/06/2014;21:00:00;0
51654;51654;ACIDENTE;CARAZINHO;RS;SSIJ;30/06/2014;21:12:00;0
51674;51674;INCIDENTE GRAVE;BELO HORIZONTE;MG;SBBH;30/06/2014;15:36:00;3
51694;51694;INCIDENTE;RIO BRANCO;AC;SBRB;01/07/2014;17:48:00;0
51695;51695;INCIDENTE;SÃO PAULO;SP;SBSP;02/07/2014;18:17:00;0
51594;51594;INCIDENTE;CAMPINAS;SP;SBKP;03/07/2014;13:30:00;0
51597;51597;ACIDENTE;FLORIANÓPOLIS;SC;SBFL;03/07/2014;17:19:00;1
51711;51711;INCIDENTE;CAMPINAS;SP;SBKP;03/07/2014;15:10:00;0
51712;51712;INCIDENTE;BAURU;SP;SBBU;03/07/2014;16:55:00;0
51713;51713;INCIDENTE;BELÉM;PA;SBBE;03/07/2014;19:58:00;0
51672;51672;ACIDENTE;ARACAJU;SE;SNAU;04/07/2014;18:52:00;0
51655;51655;ACIDENTE;BOA VISTA DO RAMOS;AM;****;05/07/2014;12:10:00;1
51656;51656;ACIDENTE;GUARARAPES;SP;SIJG;05/07/2014;14:00:00;0
51675;51675;INCIDENTE GRAVE;PETROLINA DE GOIÁS;GO;****;05/07/2014;14:40:00;0
51754;51754;ACIDENTE;UBATUBA;SP;****;05/07/2014;18:30:00;0
51765;51765;INCIDENTE;MANAUS;AM;****;05/07/2014;13:57:00;0
51766;51766;INCIDENTE;RIBEIRÃO PRETO;SP;SBRP;05/07/2014;19:30:00;0
51753;51753;ACIDENTE;BARRA DO BUGRES;MT;SWBB;06/07/2014;19:05:00;0
51756;51756;INCIDENTE GRAVE;ANÁPOLIS;GO;****;07/07/2014;12:46:00;0
51734;51734;INCIDENTE;SALVADOR;BA;SBSV;08/07/2014;19:32:00;0
51764;51764;INCIDENTE;GUARULHOS;SP;SBGR;08/07/2014;15:29:00;0
51763;51763;INCIDENTE;VITÓRIA DA CONQUISTA;BA;SBQV;09/07/2014;08:51:00;0
51671;51671;ACIDENTE;MONTENEGRO;RS;SSNG;10/07/2014;15:00:00;1
51761;51761;INCIDENTE;ALTO ALEGRE;RR;SWUQ;10/07/2014;14:15:00;0
51762;51762;INCIDENTE;SÃO LUÍS;MA;SBSL;10/07/2014;16:33:00;0
51676;51676;INCIDENTE GRAVE;MARANGUAPE;CE;****;11/07/2014;13:00:00;0
51760;51760;INCIDENTE;RIO DE JANEIRO;RJ;SDRE;11/07/2014;21:50:00;0
51720;51720;ACIDENTE;BARREIRINHAS;MA;SSRS;12/07/2014;20:00:00;0
51755;51755;INCIDENTE GRAVE;SANTA MÔNICA;PR;****;12/07/2014;13:30:00;0
51759;51759;INCIDENTE;ANGRA DOS REIS;RJ;SDAG;14/07/2014;19:25:00;0
51716;51716;ACIDENTE;NOVO AIRÃO;AM;****;16/07/2014;15:15:00;0
51735;51735;INCIDENTE;GOIÂNIA;GO;SBGO;16/07/2014;19:58:00;0
52298;52298;INCIDENTE;GUARULHOS;SP;****;16/07/2014;15:20:00;0
51732;51732;INCIDENTE;MARABÁ;PA;SBMA;18/07/2014;20:34:00;0
51741;51741;INCIDENTE;CONFINS;MG;****;19/07/2014;14:30:00;0
51752;51752;ACIDENTE;BEBEDOURO;SP;SDBB;19/07/2014;18:10:00;0
51733;51733;INCIDENTE;LONDRINA;PR;SBLO;20/07/2014;11:20:00;0
52539;52539;INCIDENTE;RIO CLARO;SP;****;20/07/2014;19:30:00;0
51758;51758;INCIDENTE;CAMPINAS;SP;SBKP;22/07/2014;19:35:00;0
51740;51740;INCIDENTE;LAURO DE FREITAS;BA;SBSV;23/07/2014;19:48:00;0
52283;52283;ACIDENTE;BARREIRAS;BA;****;24/07/2014;13:30:00;0
52300;52300;INCIDENTE;CURITIBA;PR;****;24/07/2014;13:16:00;0
51751;51751;ACIDENTE;NOVO PROGRESSO;PA;****;25/07/2014;11:53:00;0
52301;52301;INCIDENTE;CONFINS;MG;SBCF;25/07/2014;21:40:00;0
51991;51991;ACIDENTE;FOZ DO IGUAÇU;PR;****;28/07/2014;17:30:00;0
52302;52302;INCIDENTE;CAMPINAS;SP;SBKP;01/08/2014;01:01:00;0
52303;52303;INCIDENTE;MANAUS;AM;****;01/08/2014;14:48:00;0
78819;78819;INCIDENTE GRAVE;CAMPO GRANDE;MS;SSIE;01/08/2014;21:05:00;0
52571;52571;INCIDENTE;GRAVATÁ;PE;****;02/08/2014;13:30:00;0
52262;52262;ACIDENTE;BALSAS;MA;****;03/08/2014;09:10:00;0
52304;52304;INCIDENTE;RIO CLARO;SP;SDED;04/08/2014;19:00:00;0
52263;52263;INCIDENTE GRAVE;SÃO JOSÉ DO RIO PRETO;SP;SBSR;05/08/2014;18:30:00;0
52305;52305;INCIDENTE;ILHÉUS;BA;SBIL;05/08/2014;19:45:00;0
52306;52306;INCIDENTE;JUNDIAÍ;SP;SBJD;06/08/2014;19:00:00;0
52307;52307;INCIDENTE;GUARULHOS;SP;SBGR;08/08/2014;15:53:00;0
52264;52264;ACIDENTE;CAMPINAS;SP;SDAM;11/08/2014;20:52:00;0
52286;52286;INCIDENTE GRAVE;CURITIBA;PR;SBBI;11/08/2014;11:15:00;0
52308;52308;INCIDENTE;RIBEIRÃO PRETO;SP;SBRP;11/08/2014;16:37:00;0
52309;52309;INCIDENTE;RIBEIRÃO PRETO;SP;SBRP;11/08/2014;19:49:00;0
52265;52265;ACIDENTE;SANTOS;SP;****;13/08/2014;13:03:00;13
52310;52310;INCIDENTE;BRASÍLIA;DF;SBBR;13/08/2014;10:45:00;0
52287;52287;INCIDENTE GRAVE;COARI;AM;****;16/08/2014;11:57:00;0
52288;52288;INCIDENTE GRAVE;SÃO JOÃO DA BOA VISTA;SP;****;16/08/2014;19:08:00;0
52311;52311;INCIDENTE;FOZ DO IGUAÇU;PR;SBFI;16/08/2014;15:23:00;0
52289;52289;INCIDENTE GRAVE;BRASÍLIA;DF;****;17/08/2014;15:05:00;0
52290;52290;INCIDENTE GRAVE;REDENÇÃO;PA;SNDC;19/08/2014;17:00:00;0
52291;52291;INCIDENTE GRAVE;BELÉM;PA;SBBE;19/08/2014;08:45:00;0
52292;52292;INCIDENTE GRAVE;RIO CLARO;SP;SDRK;20/08/2014;16:50:00;0
52293;52293;INCIDENTE GRAVE;UIRAMUTÃ;RR;SWPD;20/08/2014;18:57:00;0
52312;52312;INCIDENTE;BELO HORIZONTE;MG;SBPR;20/08/2014;14:02:00;0
52284;52284;ACIDENTE;ANGRA DOS REIS;RJ;SDAG;22/08/2014;14:30:00;0
52271;52271;ACIDENTE;GOIANIRA;GO;****;23/08/2014;13:30:00;1
52273;52273;ACIDENTE;FORTALEZA;CE;SNFE;23/08/2014;17:34:00;0
52285;52285;INCIDENTE GRAVE;SÃO JOSÉ DOS CAMPOS;SP;SBSJ;23/08/2014;15:40:00;0
52313;52313;INCIDENTE;BELÉM;PA;SBBE;23/08/2014;12:15:00;0
53113;53113;INCIDENTE GRAVE;CAMPO GRANDE;MS;****;23/08/2014;02:43:00;0
52314;52314;INCIDENTE;RIBEIRÃO PRETO;SP;SBRP;24/08/2014;17:55:00;0
52315;52315;INCIDENTE;NAZARÉ PAULISTA;SP;****;24/08/2014;19:00:00;0
52296;52296;INCIDENTE;RIO DE JANEIRO;RJ;SBGL;25/08/2014;16:10:00;0
52316;52316;INCIDENTE;CAMPINA GRANDE;PB;SBKG;25/08/2014;10:24:00;0
52317;52317;INCIDENTE;RIO DE JANEIRO;RJ;SBJR;25/08/2014;12:15:00;0
52274;52274;ACIDENTE;PIRAJUÍ;SP;****;27/08/2014;09:50:00;2
52811;52811;ACIDENTE;CAJAMAR;SP;****;27/08/2014;15:10:00;0
52275;52275;ACIDENTE;MUCAJAÍ;RR;****;28/08/2014;14:40:00;0
52318;52318;INCIDENTE;CAMPINAS;SP;SBKP;28/08/2014;12:10:00;0
52331;52331;INCIDENTE;GOIÂNIA;GO;SBGO;29/08/2014;13:36:00;0
52276;52276;ACIDENTE;CUMARU DO NORTE;PA;****;30/08/2014;13:10:00;0
52277;52277;ACIDENTE;CURITIBA;PR;SBBI;30/08/2014;16:24:00;0
52332;52332;INCIDENTE;SÃO JOSÉ DOS PINHAIS;PR;SBCT;30/08/2014;12:07:00;0
52278;52278;ACIDENTE;CANDÓI;PR;****;31/08/2014;19:50:00;0
52343;52343;INCIDENTE;LONDRINA;PR;SBLO;31/08/2014;18:00:00;0
52631;52631;ACIDENTE;MARINGÁ;PR;SBMG;31/08/2014;14:15:00;0
52295;52295;INCIDENTE GRAVE;MANAUS;AM;SBEG;01/09/2014;12:57:00;1
52333;52333;INCIDENTE;RIBEIRÃO PRETO;SP;SBRP;01/09/2014;09:25:00;0
52334;52334;INCIDENTE;CUIABÁ;MT;****;01/09/2014;20:30:00;0
52335;52335;INCIDENTE;MACEIÓ;AL;SBMO;02/09/2014;19:35:00;0
52674;52674;ACIDENTE;PIRACURUCA;PI;****;02/09/2014;19:00:00;0
52297;52297;INCIDENTE;RONDONÓPOLIS;MT;SWRD;04/09/2014;19:55:00;0
52336;52336;INCIDENTE;EIRUNEPÉ;AM;SWEI;04/09/2014;13:20:00;0
52279;52279;ACIDENTE;TANGARÁ DA SERRA;MT;SDVI;07/09/2014;16:00:00;3
52572;52572;INCIDENTE;FORTALEZA;CE;SBFZ;08/09/2014;11:45:00;0
52280;52280;ACIDENTE;LENÇÓIS;BA;****;10/09/2014;16:05:00;0
52591;52591;INCIDENTE;CAMPINAS;SP;SDAM;10/09/2014;20:50:00;0
52337;52337;INCIDENTE;SÃO PAULO;SP;SBSP;11/09/2014;21:30:00;0
52592;52592;INCIDENTE;PARAUAPEBAS;PA;SBCJ;11/09/2014;21:30:00;0
52281;52281;ACIDENTE;BRAGANÇA PAULISTA;SP;SBBP;12/09/2014;19:41:00;0
52231;52231;INCIDENTE GRAVE;GOIÂNIA;GO;SBGO;13/09/2014;21:14:00;0
52338;52338;INCIDENTE;BRASÍLIA;DF;SBBR;13/09/2014;18:30:00;0
52282;52282;ACIDENTE;BOA VISTA DO TUPIM;BA;****;15/09/2014;18:15:00;0
52594;52594;INCIDENTE;SÃO PAULO;SP;SBMT;15/09/2014;17:15:00;0
52595;52595;INCIDENTE;MARABÁ;PA;SBMA;15/09/2014;15:30:00;0
52551;52551;INCIDENTE GRAVE;BELÉM;PA;SBJC;16/09/2014;12:00:00;0
52344;52344;INCIDENTE;BELO HORIZONTE;MG;SBBH;17/09/2014;18:23:00;0
52345;52345;INCIDENTE;SANTA CRUZ DO SUL;RS;SSSC;17/09/2014;15:45:00;0
52597;52597;INCIDENTE;UBERLÂNDIA;MG;****;17/09/2014;15:10:00;0
52598;52598;INCIDENTE;MARABÁ;PA;SBMA;17/09/2014;19:20:00;0
52599;52599;INCIDENTE;GOIÂNIA;GO;****;18/09/2014;14:15:00;0
52600;52600;INCIDENTE;LONDRINA;PR;SBLO;18/09/2014;23:07:00;0
52531;52531;ACIDENTE;FORMOSA;GO;SWFR;19/09/2014;16:30:00;0
52340;52340;ACIDENTE;FAMA;MG;****;20/09/2014;15:00:00;1
52346;52346;INCIDENTE;SALVADOR;BA;SBSV;20/09/2014;16:20:00;0
52341;52341;ACIDENTE;VERANÓPOLIS;RS;****;21/09/2014;19:30:00;0
52532;52532;ACIDENTE;PINHÃO;PR;****;21/09/2014;19:00:00;0
52611;52611;INCIDENTE;SALVADOR;BA;SBSV;21/09/2014;18:23:00;0
52613;52613;INCIDENTE;SÃO JOSÉ DOS PINHAIS;PR;SBCT;21/09/2014;13:43:00;0
52342;52342;ACIDENTE;BAURU;SP;SBBU;22/09/2014;17:00:00;0
52552;52552;INCIDENTE GRAVE;PORTO SEGURO;BA;SBPS;22/09/2014;16:19:00;1
52533;52533;ACIDENTE;SINOP;MT;****;23/09/2014;18:30:00;0
52553;52553;INCIDENTE GRAVE;SENADOR JOSÉ PORFÍRIO;PA;SDWV;23/09/2014;20:30:00;0
52614;52614;INCIDENTE;UBERABA;MG;SBUR;24/09/2014;13:00:00;0
52693;52693;INCIDENTE GRAVE;BARRA DO RIBEIRO;RS;****;24/09/2014;16:00:00;0
52596;52596;ACIDENTE;CONFINS;MG;SBCF;25/09/2014;23:58:00;0
52615;52615;INCIDENTE;BRASÍLIA;DF;****;25/09/2014;19:35:00;0
52617;52617;INCIDENTE;TERESINA;PI;SBTE;27/09/2014;19:30:00;0
52618;52618;INCIDENTE;SÃO JOSÉ DO RIO PRETO;SP;SBSR;27/09/2014;12:57:00;0
52536;52536;ACIDENTE;RIO DE JANEIRO;RJ;****;28/09/2014;17:30:00;0
52537;52537;ACIDENTE;ITAQUI;RS;****;29/09/2014;19:30:00;0
52554;52554;INCIDENTE GRAVE;VÁRZEA GRANDE;MT;SBCY;30/09/2014;11:15:00;0
52620;52620;INCIDENTE;SANTARÉM;PA;SBSN;30/09/2014;11:47:00;0
52621;52621;INCIDENTE;SÃO PAULO;SP;SBSP;30/09/2014;11:00:00;0
52538;52538;ACIDENTE;BOQUIRA;BA;SNBO;01/10/2014;14:30:00;1
52622;52622;INCIDENTE;ARAGUAÍNA;TO;SWGN;03/10/2014;11:00:00;0
52623;52623;INCIDENTE;RIO BRANCO;AC;SBRB;03/10/2014;18:58:00;0
52714;52714;INCIDENTE;RIBEIRÃO PRETO;SP;****;03/10/2014;20:00:00;0
52715;52715;INCIDENTE;BRASÍLIA;DF;SBBR;04/10/2014;18:10:00;0
52632;52632;ACIDENTE;SENA MADUREIRA;AC;****;05/10/2014;12:00:00;0
52716;52716;INCIDENTE;BELO HORIZONTE;MG;SBBH;05/10/2014;11:47:00;0
52624;52624;INCIDENTE;CAMPINAS;SP;SBKP;06/10/2014;13:18:00;0
52717;52717;INCIDENTE;JUNDIAÍ;SP;SBJD;06/10/2014;16:00:00;0
52718;52718;INCIDENTE;SALVADOR;BA;SBSV;07/10/2014;14:40:00;0
52719;52719;INCIDENTE;PORTO ALEGRE;RS;SBPA;07/10/2014;21:40:00;0
52633;52633;ACIDENTE;MARAU;RS;****;08/10/2014;12:00:00;0
52720;52720;INCIDENTE;SÃO PAULO;SP;****;08/10/2014;16:00:00;0
52634;52634;ACIDENTE;PARAGUAÇU PAULISTA;SP;****;09/10/2014;11:40:00;1
52699;52699;INCIDENTE;BRASÍLIA;DF;SBBR;09/10/2014;20:10:00;5
52721;52721;INCIDENTE;CRUZEIRO DO SUL;AC;SBCZ;09/10/2014;14:40:00;0
52722;52722;INCIDENTE;SANTARÉM;PA;SBSN;09/10/2014;14:38:00;0
52635;52635;ACIDENTE;JUATUBA;MG;****;10/10/2014;18:00:00;1
52723;52723;INCIDENTE;SÃO PAULO;SP;****;10/10/2014;10:00:00;0
52636;52636;ACIDENTE;TATUÍ;SP;SDTF;11/10/2014;16:18:00;2
52724;52724;INCIDENTE;CAMPINAS;SP;****;14/10/2014;14:30:00;0
52725;52725;INCIDENTE;CARAUARI;AM;SWCA;14/10/2014;19:20:00;0
52637;52637;ACIDENTE;BOITUVA;SP;SDOI;16/10/2014;20:30:00;0
52726;52726;INCIDENTE;RIO DE JANEIRO;RJ;SBRJ;16/10/2014;22:10:00;0
52638;52638;ACIDENTE;JUATUBA;MG;****;17/10/2014;20:30:00;0
52727;52727;INCIDENTE;SANTARÉM;PA;SBSN;17/10/2014;10:27:00;0
52639;52639;ACIDENTE;MANOEL URBANO;AC;SSPX;19/10/2014;20:05:00;0
52728;52728;INCIDENTE;SÃO LUÍS;MA;SBSL;20/10/2014;20:33:00;0
52640;52640;ACIDENTE;CAMPO GRANDE;MS;SBCG;22/10/2014;14:01:00;2
52672;52672;ACIDENTE;ELDORADO DO SUL;RS;SIXE;22/10/2014;13:20:00;0
52694;52694;INCIDENTE GRAVE;BRAGANÇA PAULISTA;SP;SBBP;23/10/2014;16:00:00;1
52691;52691;INCIDENTE GRAVE;SANTANA DO PARAÍSO;MG;****;24/10/2014;15:35:00;0
52729;52729;INCIDENTE;MARABÁ;PA;SBMA;24/10/2014;12:13:00;0
52651;52651;ACIDENTE;RORAINÓPOLIS;RR;****;26/10/2014;17:30:00;1
52695;52695;INCIDENTE GRAVE;BELO HORIZONTE;MG;SBPR;26/10/2014;17:45:00;0
52652;52652;ACIDENTE;CAMPINA GRANDE DO SUL;PR;****;27/10/2014;16:30:00;0
52730;52730;INCIDENTE;FLORIANÓPOLIS;SC;SBFL;27/10/2014;12:47:00;0
52653;52653;INCIDENTE GRAVE;MANAUS;AM;SWFN;28/10/2014;14:45:00;0
52696;52696;INCIDENTE GRAVE;ATIBAIA;SP;SDTB;28/10/2014;18:20:00;0
52731;52731;INCIDENTE;CUIABÁ;MT;****;31/10/2014;23:30:00;0
52654;52654;ACIDENTE;IGARASSU;PE;SIFC;01/11/2014;13:50:00;0
52751;52751;INCIDENTE;GUARULHOS;SP;SBGR;01/11/2014;22:50:00;0
52752;52752;INCIDENTE;SÃO PAULO;SP;SBMT;02/11/2014;11:30:00;0
52753;52753;INCIDENTE;MARINGÁ;PR;****;02/11/2014;20:00:00;0
52697;52697;INCIDENTE GRAVE;RIO DE JANEIRO;RJ;****;03/11/2014;17:40:00;0
52933;52933;INCIDENTE;MARINGÁ;PR;****;03/11/2014;17:28:00;0
52754;52754;INCIDENTE;RIBEIRÃO PRETO;SP;SBRP;04/11/2014;03:18:00;0
52700;52700;INCIDENTE;UBERLÂNDIA;MG;SBUL;07/11/2014;17:30:00;0
52673;52673;ACIDENTE;TERESINA;PI;****;08/11/2014;20:50:00;0
52755;52755;INCIDENTE;PORTO ALEGRE;RS;SBPA;08/11/2014;15:31:00;0
52692;52692;INCIDENTE GRAVE;MARINGÁ;PR;SBMG;09/11/2014;17:00:00;0
52815;52815;ACIDENTE;MACARANI;BA;****;10/11/2014;16:23:00;0
52956;52956;INCIDENTE;GUARULHOS;SP;SBGR;11/11/2014;15:00:00;0
52757;52757;INCIDENTE;SÃO PAULO;SP;SBMT;12/11/2014;13:19:00;0
52968;52968;INCIDENTE;SANTARÉM;PA;SBSN;12/11/2014;16:30:00;0
52758;52758;INCIDENTE;ARAPONGAS;PR;****;13/11/2014;16:20:00;0
52759;52759;INCIDENTE;JUAZEIRO DO NORTE;CE;SBJU;13/11/2014;14:20:00;0
52950;52950;INCIDENTE;CORNÉLIO PROCÓPIO;PR;SSCP;14/11/2014;11:30:00;0
52698;52698;INCIDENTE GRAVE;CORREIA PINTO;SC;SBLJ;15/11/2014;17:10:00;0
52671;52671;ACIDENTE;CIDADE GAÚCHA;PR;****;17/11/2014;17:58:00;3
52713;52713;INCIDENTE;JUNDIAÍ;SP;SBJD;18/11/2014;18:30:00;0
52760;52760;INCIDENTE;LONDRINA;PR;SBLO;18/11/2014;22:30:00;0
52675;52675;ACIDENTE;BRAGANÇA PAULISTA;SP;SBBP;19/11/2014;11:25:00;0
52761;52761;INCIDENTE;CONFINS;MG;SBCF;19/11/2014;20:40:00;0
52762;52762;INCIDENTE;BELÉM;PA;SBBE;19/11/2014;20:20:00;0
52763;52763;INCIDENTE;JUNDIAÍ;SP;SBJD;20/11/2014;12:46:00;0
53437;53437;ACIDENTE;SANTA ISABEL DO IVAÍ;PR;****;21/11/2014;10:05:00;0
52847;52847;INCIDENTE;MANAUS;AM;****;24/11/2014;11:05:00;0
52848;52848;INCIDENTE;SALVADOR;BA;****;25/11/2014;20:50:00;0
52846;52846;INCIDENTE;MACAÉ;RJ;SBME;27/11/2014;11:20:00;0
52849;52849;INCIDENTE;RIO DE JANEIRO;RJ;****;27/11/2014;03:00:00;0
52850;52850;INCIDENTE;PORTO ALEGRE;RS;****;27/11/2014;04:43:00;0
52793;52793;ACIDENTE;BELO HORIZONTE;MG;SBPR;29/11/2014;13:06:00;0
52676;52676;ACIDENTE;TUCUMÃ;PA;****;30/11/2014;16:14:00;0
52779;52779;INCIDENTE GRAVE;SÃO PAULO;SP;SBMT;30/11/2014;16:40:00;0
52812;52812;ACIDENTE;SÃO MATEUS;ES;SNMX;30/11/2014;19:18:00;0
52851;52851;INCIDENTE;ARACAJU;SE;SBAR;01/12/2014;20:35:00;0
52816;52816;INCIDENTE GRAVE;LINS;SP;****;02/12/2014;15:40:00;1
52852;52852;INCIDENTE;CAMPINAS;SP;SDAM;02/12/2014;16:20:00;0
52764;52764;INCIDENTE;TERESINA;PI;SBTE;03/12/2014;10:00:00;0
52817;52817;ACIDENTE;VERÍSSIMO;MG;****;03/12/2014;12:53:00;0
52853;52853;INCIDENTE;MACAÉ;RJ;SBME;03/12/2014;12:55:00;0
52818;52818;ACIDENTE;FLORESTA;PE;****;05/12/2014;14:30:00;0
52819;52819;ACIDENTE;CAMPO GRANDE;MS;****;06/12/2014;10:21:00;1
52831;52831;ACIDENTE;TERRA BOA;PR;****;07/12/2014;16:00:00;0
52840;52840;INCIDENTE GRAVE;SÃO PAULO;SP;SBMT;07/12/2014;14:54:00;0
52841;52841;INCIDENTE;SÃO JOSÉ DOS CAMPOS;SP;SBSJ;08/12/2014;18:08:00;0
52854;52854;INCIDENTE;RIO DE JANEIRO;RJ;SBGL;08/12/2014;17:00:00;0
52843;52843;INCIDENTE GRAVE;SORRISO;MT;SSAC;11/12/2014;14:00:00;0
52844;52844;INCIDENTE;GUARULHOS;SP;SBGR;11/12/2014;23:30:00;0
52832;52832;ACIDENTE;BURITAMA;SP;****;14/12/2014;23:40:00;0
52845;52845;INCIDENTE;BARCARENA;PA;****;15/12/2014;16:15:00;0
52855;52855;INCIDENTE;SÃO GABRIEL DA CACHOEIRA;AM;SBUA;15/12/2014;14:16:00;0
53010;53010;INCIDENTE;ITAJUBÁ;MG;SNHH;15/12/2014;13:30:00;0
52833;52833;ACIDENTE;ATIBAIA;SP;SDTB;16/12/2014;17:30:00;0
52857;52857;INCIDENTE;SÃO PAULO;SP;SBSP;16/12/2014;16:45:00;0
52834;52834;ACIDENTE;MACAÉ;RJ;****;17/12/2014;18:45:00;0
52835;52835;ACIDENTE;NAZÁRIO;GO;****;17/12/2014;12:10:00;0
52836;52836;ACIDENTE;ALEGRETE;RS;****;18/12/2014;19:00:00;0
52837;52837;ACIDENTE;SÃO BORJA;RS;****;18/12/2014;21:30:00;1
52838;52838;ACIDENTE;ÁGUA BOA;MT;****;19/12/2014;16:16:00;1
52813;52813;ACIDENTE;ATIBAIA;SP;SDTB;20/12/2014;21:00:00;0
52856;52856;INCIDENTE;MANAUS;AM;SBEG;20/12/2014;18:20:00;0
52952;52952;INCIDENTE;LONDRINA;PR;SBLO;20/12/2014;11:27:00;0
52839;52839;ACIDENTE;ALEGRETE;RS;****;23/12/2014;20:00:00;0
52872;52872;ACIDENTE;UBERABA;MG;SNHE;23/12/2014;17:00:00;0
52875;52875;INCIDENTE;PONTA GROSSA;PR;****;23/12/2014;12:35:00;0
52951;52951;INCIDENTE;PORTO ALEGRE;RS;SBPA;23/12/2014;18:20:00;0
52953;52953;INCIDENTE;PORTO ALEGRE;RS;SBPA;23/12/2014;17:47:00;0
52858;52858;INCIDENTE;BRASÍLIA;DF;****;26/12/2014;18:00:00;0
52871;52871;INCIDENTE;REDENÇÃO;PA;SNDC;26/12/2014;11:23:00;0
52948;52948;INCIDENTE GRAVE;SÃO JOSÉ DOS CAMPOS;SP;SBSJ;26/12/2014;13:50:00;0
52873;52873;ACIDENTE;BERTIOGA;SP;****;27/12/2014;13:15:00;0
52874;52874;ACIDENTE;PRIMAVERA DO LESTE;MT;****;29/12/2014;10:00:00;1
52954;52954;INCIDENTE;RIBEIRÃO PRETO;SP;****;29/12/2014;14:40:00;0
52945;52945;ACIDENTE;AQUIDAUANA;MS;****;30/12/2014;20:00:00;0
52946;52946;ACIDENTE;ARROIO GRANDE;RS;****;30/12/2014;08:50:00;4
52947;52947;ACIDENTE;BELO HORIZONTE;MG;****;30/12/2014;17:40:00;0
52955;52955;INCIDENTE;LONDRINA;PR;****;30/12/2014;19:54:00;0
52959;52959;INCIDENTE;RIO DE JANEIRO;RJ;SBGL;30/12/2014;12:45:00;0
52992;52992;INCIDENTE GRAVE;SALVADOR;BA;SBSV;01/01/2015;11:40:00;3
52979;52979;ACIDENTE;IVINHEMA;MS;****;02/01/2015;14:50:00;0
53073;53073;INCIDENTE;TEFÉ;AM;SBTF;02/01/2015;16:28:00;0
53074;53074;INCIDENTE;BELO HORIZONTE;MG;SBBH;02/01/2015;20:34:00;0
52976;52976;ACIDENTE;TOLEDO;PR;SBTD;04/01/2015;22:04:00;6
53075;53075;INCIDENTE;JUNDIAÍ;SP;SBJD;05/01/2015;10:19:00;0
53076;53076;INCIDENTE;BRAGANÇA PAULISTA;SP;****;06/01/2015;11:30:00;0
53077;53077;INCIDENTE;MANAUS;AM;SBEG;06/01/2015;15:50:00;0
52975;52975;ACIDENTE;BRASNORTE;MT;****;08/01/2015;20:30:00;0
53072;53072;INCIDENTE;BELO HORIZONTE;MG;SBBH;08/01/2015;21:13:00;0
52994;52994;INCIDENTE;SÃO PAULO;SP;SBMT;09/01/2015;23:25:00;0
52980;52980;ACIDENTE;SANTA MÔNICA;PR;****;10/01/2015;22:00:00;2
52981;52981;ACIDENTE;LUZIÂNIA;GO;****;10/01/2015;21:04:00;0
53078;53078;INCIDENTE;BELÉM;PA;SBBE;10/01/2015;16:00:00;0
53064;53064;INCIDENTE;BAURU;SP;SBBU;11/01/2015;22:05:00;0
53122;53122;INCIDENTE;BRASÍLIA;DF;SBBR;11/01/2015;00:07:00;0
53063;53063;INCIDENTE;LONDRINA;PR;SBLO;12/01/2015;09:15:00;0
52978;52978;ACIDENTE;BAIXA GRANDE DO RIBEIRO;PI;****;14/01/2015;10:50:00;1
53070;53070;INCIDENTE;FLORIANÓPOLIS;SC;SBFL;15/01/2015;21:00:00;0
53071;53071;INCIDENTE;BELO HORIZONTE;MG;SBBH;15/01/2015;18:52:00;0
53061;53061;INCIDENTE;JUNDIAÍ;SP;SBJD;17/01/2015;18:40:00;0
53062;53062;INCIDENTE;JUNDIAÍ;SP;SBJD;17/01/2015;17:05:00;0
53069;53069;INCIDENTE;SALVADOR;BA;SBSV;18/01/2015;17:50:00;0
52970;52970;ACIDENTE;TIRADENTES;MG;****;19/01/2015;18:08:00;0
52977;52977;ACIDENTE;SÃO BORJA;RS;****;19/01/2015;12:15:00;0
53067;53067;INCIDENTE;CAMPINAS;SP;SBKP;19/01/2015;13:30:00;0
53068;53068;INCIDENTE;CANOAS;RS;SBPA;19/01/2015;12:50:00;0
53065;53065;INCIDENTE;COARI;AM;SWKO;20/01/2015;17:05:00;0
52991;52991;INCIDENTE GRAVE;PASSO FUNDO;RS;SBPF;21/01/2015;12:00:00;0
53012;53012;INCIDENTE;GOIÂNIA;GO;SBGO;21/01/2015;17:36:00;0
53066;53066;INCIDENTE;CURITIBA;PR;SBCT;21/01/2015;20:21:00;0
53080;53080;INCIDENTE;RIO CLARO;SP;SDRK;22/01/2015;18:00:00;0
52990;52990;INCIDENTE GRAVE;FLORIANÓPOLIS;SC;SBFL;23/01/2015;16:28:00;0
53008;53008;INCIDENTE;GOIÂNIA;GO;SBGO;23/01/2015;18:39:00;0
52971;52971;ACIDENTE;JABOTICABAL;SP;SDJC;24/01/2015;20:00:00;0
52987;52987;ACIDENTE;ITU;SP;****;24/01/2015;14:00:00;0
52989;52989;INCIDENTE GRAVE;CONCEIÇÃO DA FEIRA;BA;****;26/01/2015;18:15:00;0
52993;52993;INCIDENTE GRAVE;CAMPOS DOS GOYTACAZES;RJ;SBFS;27/01/2015;12:25:00;0
52983;52983;ACIDENTE;MOSTARDAS;RS;****;28/01/2015;10:30:00;0
52982;52982;ACIDENTE;BOA VISTA;RR;****;29/01/2015;20:30:00;0
53081;53081;INCIDENTE;BELO HORIZONTE;MG;SBBH;29/01/2015;21:26:00;0
52998;52998;INCIDENTE;ILHÉUS;BA;SBIL;30/01/2015;19:20:00;0
53007;53007;INCIDENTE;UBERLÂNDIA;MG;SBUL;30/01/2015;09:39:00;0
53079;53079;INCIDENTE;SÃO LUÍS;MA;SBSL;31/01/2015;17:55:00;0
52984;52984;ACIDENTE;NOVA LIMA;MG;SJLY;01/02/2015;15:10:00;0
53082;53082;INCIDENTE;SÃO PAULO;SP;****;01/02/2015;12:15:00;0
52974;52974;ACIDENTE;PRESIDENTE OLEGÁRIO;MG;****;02/02/2015;19:50:00;0
53006;53006;INCIDENTE;FLORIANÓPOLIS;SC;SBFL;02/02/2015;10:30:00;0
52988;52988;ACIDENTE;JOINVILLE;SC;SBJV;03/02/2015;17:45:00;1
52999;52999;INCIDENTE;ILHÉUS;BA;SBIL;03/02/2015;14:55:00;0
53105;53105;INCIDENTE GRAVE;SÃO MIGUEL DO IGUAÇU;PR;****;03/02/2015;20:00:00;0
53309;53309;INCIDENTE GRAVE;ASSIS CHATEAUBRIAND;PR;****;04/02/2015;19:50:00;0
53111;53111;ACIDENTE;TAPIRA;PR;****;05/02/2015;10:40:00;1
53226;53226;INCIDENTE;MARABÁ;PA;SBMA;05/02/2015;17:55:00;0
53003;53003;INCIDENTE;CUIABÁ;MT;SBCY;06/02/2015;11:50:00;0
53004;53004;INCIDENTE;VITÓRIA DA CONQUISTA;BA;SBQV;06/02/2015;18:24:00;0
53005;53005;INCIDENTE;SÃO PAULO;SP;SBMT;06/02/2015;16:28:00;0
52972;52972;ACIDENTE;TAPES;RS;SSAU;07/02/2015;11:00:00;0
52973;52973;ACIDENTE;BALSAS;MA;****;07/02/2015;11:30:00;0
53001;53001;INCIDENTE;RIO DE JANEIRO;RJ;SBGL;08/02/2015;19:07:00;0
53002;53002;INCIDENTE;CAMPINAS DO PIAUÍ;PI;SBKP;08/02/2015;19:03:00;0
53009;53009;INCIDENTE;BELO HORIZONTE;MG;SBBH;08/02/2015;12:00:00;0
52995;52995;INCIDENTE;RIO DE JANEIRO;RJ;SBGL;09/02/2015;10:00:00;0
53000;53000;INCIDENTE;PORTO ALEGRE;RS;****;09/02/2015;09:00:00;0
52996;52996;INCIDENTE;MANAUS;AM;SBEG;10/02/2015;13:05:00;0
53127;53127;INCIDENTE;CAMPINAS;SP;****;11/02/2015;11:55:00;0
65312;65312;ACIDENTE;CABECEIRAS;GO;****;11/02/2015;11:18:00;0
53129;53129;INCIDENTE;FLORIANÓPOLIS;SC;SBFL;12/02/2015;18:30:00;0
52997;52997;INCIDENTE;ALCÂNTARA;MA;SNCW;16/02/2015;20:38:00;0
53108;53108;INCIDENTE GRAVE;UBERLÂNDIA;MG;SBUL;16/02/2015;21:05:00;0
53110;53110;ACIDENTE;GOIOERÊ;PR;****;16/02/2015;19:50:00;0
53132;53132;INCIDENTE;RIO DE JANEIRO;RJ;SBRJ;16/02/2015;12:39:00;0
53175;53175;INCIDENTE;RECIFE;PE;****;18/02/2015;13:30:00;0
53116;53116;ACIDENTE;BUENO BRANDÃO;MG;****;19/02/2015;13:40:00;0
53121;53121;INCIDENTE;SÃO JOSÉ DOS CAMPOS;SP;SBSJ;19/02/2015;17:48:00;0
53125;53125;INCIDENTE;RIO DE JANEIRO;RJ;SBRJ;19/02/2015;15:53:00;0
53117;53117;ACIDENTE;ITAPIRA;SP;****;21/02/2015;11:40:00;1
53130;53130;INCIDENTE;MANAUS;AM;SBEG;21/02/2015;02:14:00;0
53114;53114;ACIDENTE;PORTO BELO;SC;SDEN;22/02/2015;17:30:00;2
53115;53115;ACIDENTE;UIRAMUTÃ;RR;SJYR;22/02/2015;17:30:00;0
53131;53131;INCIDENTE;GUARULHOS;SP;SBGR;22/02/2015;15:35:00;0
53107;53107;INCIDENTE GRAVE;NÃO IDENTIFICADA;RJ;****;24/02/2015;17:51:00;0
53123;53123;INCIDENTE;GUARULHOS;SP;SBGR;24/02/2015;19:30:00;0
53106;53106;INCIDENTE GRAVE;PORTO ALEGRE;RS;SIXE;25/02/2015;14:45:00;0
53119;53119;ACIDENTE;CAMPO MOURÃO;PR;****;25/02/2015;18:40:00;0
53118;53118;ACIDENTE;RIO DE JANEIRO;RJ;****;26/02/2015;12:30:00;0
53133;53133;INCIDENTE;CAMPINAS;SP;****;26/02/2015;22:31:00;0
53124;53124;INCIDENTE;SÃO PAULO;SP;SBSP;27/02/2015;08:50:00;0
53126;53126;INCIDENTE;SÃO PAULO;SP;****;27/02/2015;14:10:00;0
53128;53128;INCIDENTE;GUARULHOS;SP;SBGR;27/02/2015;21:27:00;0
53183;53183;ACIDENTE;AMAPORÃ;PR;****;02/03/2015;23:00:00;0
53120;53120;ACIDENTE;CHAVES;PA;SNXW;04/03/2015;13:30:00;0
53109;53109;ACIDENTE;CAMPO GRANDE;MS;SSIE;05/03/2015;13:50:00;0
53112;53112;ACIDENTE;MOGI GUAÇU;SP;****;06/03/2015;21:00:00;1
53152;53152;INCIDENTE GRAVE;RIO DE JANEIRO;RJ;SBRJ;10/03/2015;11:30:00;2
53167;53167;INCIDENTE;MARABÁ;PA;SBMA;10/03/2015;17:33:00;0
53596;53596;INCIDENTE;ITAPEMA;SC;****;10/03/2015;21:35:00;0
53149;53149;ACIDENTE;TABATINGA;AM;SBTT;11/03/2015;23:25:00;0
53148;53148;ACIDENTE;ARARAS;SP;SDEH;12/03/2015;12:40:00;0
53153;53153;INCIDENTE;PORTO ALEGRE;RS;SBPA;13/03/2015;15:45:00;0
53154;53154;INCIDENTE;SOROCABA;SP;SDCO;13/03/2015;14:40:00;0
53238;53238;INCIDENTE;SERRA;ES;****;13/03/2015;11:30:00;0
53189;53189;INCIDENTE;CONFINS;MG;SBCF;14/03/2015;07:20:00;0
53193;53193;ACIDENTE;CANARANA;MT;****;14/03/2015;18:00:00;0
53164;53164;ACIDENTE;PRINCESA ISABEL;PB;****;15/03/2015;18:30:00;0
53151;53151;INCIDENTE GRAVE;MAUÉS;AM;SWMW;16/03/2015;18:07:00;1
53168;53168;INCIDENTE;PARÁ DE MINAS;MG;SNPA;16/03/2015;21:05:00;0
53169;53169;INCIDENTE;BELÉM;PA;SBBE;19/03/2015;03:25:00;0
53165;53165;INCIDENTE GRAVE;SÃO DESIDÉRIO;BA;****;20/03/2015;14:35:00;0
53188;53188;INCIDENTE;RIO DE JANEIRO;RJ;SBJR;20/03/2015;21:00:00;0
53184;53184;ACIDENTE;PORTO UNIÃO;SC;****;22/03/2015;13:44:00;0
53178;53178;ACIDENTE;DIAMANTINO;MT;****;23/03/2015;17:15:00;0
53182;53182;ACIDENTE;SANTA LUZIA;MA;****;23/03/2015;20:40:00;0
53166;53166;INCIDENTE GRAVE;RIACHÃO DAS NEVES;BA;****;24/03/2015;14:45:00;0
53170;53170;INCIDENTE;CONFINS;MG;SBCF;24/03/2015;17:57:00;0
53185;53185;INCIDENTE;CURITIBA;PR;SBCT;24/03/2015;23:01:00;0
53412;53412;INCIDENTE GRAVE;MACAÉ;RJ;****;24/03/2015;16:35:00;0
53194;53194;ACIDENTE;GUARACIABA DO NORTE;CE;SWBE;26/03/2015;20:30:00;0
53186;53186;INCIDENTE;BRASÍLIA;DF;****;27/03/2015;14:55:00;0
53179;53179;ACIDENTE;CAIAPÔNIA;GO;****;28/03/2015;10:30:00;0
53180;53180;ACIDENTE;ARAGUARI;MG;****;28/03/2015;18:52:00;0
53190;53190;INCIDENTE;CAMPINAS;SP;SBKP;28/03/2015;16:26:00;0
53212;53212;INCIDENTE;JUNDIAÍ;SP;SBJD;28/03/2015;17:32:00;0
53213;53213;INCIDENTE;JUNDIAÍ;SP;SBJD;28/03/2015;15:51:00;0
53181;53181;ACIDENTE;COLÍDER;MT;****;29/03/2015;20:17:00;0
53187;53187;INCIDENTE;JOINVILLE;SC;SBJV;29/03/2015;18:36:00;0
53211;53211;INCIDENTE;BAURU;SP;SBBU;30/03/2015;19:40:00;0
53195;53195;ACIDENTE;CARAPICUÍBA;SP;****;02/04/2015;20:00:00;5
53201;53201;ACIDENTE;VERA CRUZ;SP;SDVE;02/04/2015;17:30:00;0
53227;53227;INCIDENTE;FLORIANÓPOLIS;SC;SBFL;02/04/2015;01:10:00;0
53192;53192;ACIDENTE;BRAGANÇA PAULISTA;SP;SDVH;03/04/2015;14:30:00;0
53177;53177;ACIDENTE;CEARÁ-MIRIM;RN;SNOG;04/04/2015;20:15:00;0
53191;53191;ACIDENTE;ÁLVARES MACHADO;SP;SDEM;04/04/2015;20:30:00;0
53196;53196;ACIDENTE;FLORIANÓPOLIS;SC;SBFL;04/04/2015;13:00:00;1
53210;53210;INCIDENTE;VITÓRIA;ES;SBVT;04/04/2015;16:25:00;0
53176;53176;INCIDENTE;BELO HORIZONTE;MG;SBBH;05/04/2015;12:50:00;0
53197;53197;ACIDENTE;ITATIBA;SP;****;05/04/2015;11:50:00;0
53200;53200;INCIDENTE GRAVE;SÃO JOAQUIM DA BARRA;SP;SDJO;05/04/2015;11:00:00;0
53202;53202;INCIDENTE GRAVE;PIRAÍ DO SUL;PR;****;05/04/2015;21:00:00;0
53225;53225;ACIDENTE;CAMPINA GRANDE DO SUL;PR;SBBI;05/04/2015;11:10:00;2
53198;53198;ACIDENTE;MARINGÁ;PR;SBMG;06/04/2015;21:15:00;1
53228;53228;INCIDENTE;FLORIANÓPOLIS;SC;SBFL;06/04/2015;20:24:00;0
53290;53290;INCIDENTE;PORTO VELHO;RO;SBPV;06/04/2015;20:20:00;0
53209;53209;INCIDENTE;CUIABÁ;MT;SBCY;07/04/2015;21:48:00;0
53203;53203;INCIDENTE GRAVE;BRASÍLIA;DF;SBBR;08/04/2015;16:04:00;2
53289;53289;INCIDENTE;CURITIBA;PR;****;08/04/2015;17:30:00;0
53204;53204;INCIDENTE GRAVE;ANÁPOLIS;GO;SWNS;09/04/2015;13:13:00;3
53208;53208;INCIDENTE;SÃO PAULO;SP;SBMT;09/04/2015;19:20:00;0
53207;53207;INCIDENTE;SÃO PAULO;SP;SBSP;10/04/2015;21:18:00;0
53230;53230;INCIDENTE;CAMPO GRANDE;MS;SBCG;10/04/2015;00:30:00;0
53234;53234;ACIDENTE;RIO DE JANEIRO;RJ;****;10/04/2015;12:10:00;0
53199;53199;ACIDENTE;ASSUNÇÃO DO PIAUÍ;PI;****;11/04/2015;22:00:00;0
53206;53206;INCIDENTE;RECIFE;PE;SBRF;11/04/2015;19:30:00;0
53342;53342;ACIDENTE;MAUÁ DA SERRA;PR;****;12/04/2015;15:30:00;0
53205;53205;INCIDENTE;BELO HORIZONTE;MG;SBBH;14/04/2015;14:23:00;0
53233;53233;INCIDENTE GRAVE;PALMAS;TO;SBPJ;15/04/2015;19:31:00;0
53224;53224;ACIDENTE;CATANDUVA;SP;****;16/04/2015;20:45:00;1
53229;53229;INCIDENTE;CABO FRIO;RJ;SBCB;20/04/2015;10:20:00;0
53318;53318;INCIDENTE;BRASÍLIA;DF;SBBR;20/04/2015;22:00:00;0
53235;53235;ACIDENTE;RIO DE JANEIRO;RJ;****;21/04/2015;13:00:00;0
53236;53236;ACIDENTE;QUIRINÓPOLIS;GO;SJQN;21/04/2015;19:30:00;0
53223;53223;ACIDENTE;PINDORAMA;SP;****;22/04/2015;12:45:00;0
53231;53231;ACIDENTE;CONFRESA;MT;****;23/04/2015;12:30:00;0
53239;53239;INCIDENTE;TABOÃO DA SERRA;SP;SIBH;24/04/2015;17:00:00;0
53222;53222;ACIDENTE;OURILÂNDIA DO NORTE;PA;SDOW;26/04/2015;15:30:00;0
53237;53237;ACIDENTE;ARARAQUARA;SP;****;28/04/2015;21:00:00;0
53240;53240;INCIDENTE;UBERABA;MG;SBUR;28/04/2015;00:59:00;0
53288;53288;INCIDENTE;LONDRINA;PR;SBLO;29/04/2015;20:02:00;0
53287;53287;INCIDENTE;GUARULHOS;SP;SBGR;30/04/2015;22:00:00;0
53232;53232;ACIDENTE;TIETÊ;SP;SDET;01/05/2015;20:30:00;1
53264;53264;ACIDENTE;CABECEIRA GRANDE;MG;****;01/05/2015;17:00:00;1
53241;53241;INCIDENTE;JUNDIAÍ;SP;SBJD;02/05/2015;14:25:00;0
53259;53259;ACIDENTE;VARGEM BONITA;MG;****;02/05/2015;10:43:00;0
53248;53248;INCIDENTE;FORTALEZA;CE;SBFZ;03/05/2015;15:00:00;0
53247;53247;INCIDENTE;FORTALEZA;CE;SBFZ;04/05/2015;18:48:00;0
53265;53265;ACIDENTE;PACARAIMA;RR;SDMM;05/05/2015;16:05:00;2
53269;53269;INCIDENTE GRAVE;TERRA ROXA;PR;****;05/05/2015;11:30:00;0
53274;53274;INCIDENTE;SANTOS;SP;SBST;07/05/2015;11:30:00;0
53286;53286;INCIDENTE;SÃO PAULO;SP;****;07/05/2015;13:40:00;0
53260;53260;ACIDENTE;AFONSO CLÁUDIO;ES;****;08/05/2015;11:27:00;0
53263;53263;ACIDENTE;GOIÂNIA;GO;SBNV;08/05/2015;11:00:00;0
53280;53280;INCIDENTE;PORTO ALEGRE;RS;SBPA;08/05/2015;13:44:00;0
53255;53255;ACIDENTE;NOVO PROGRESSO;PA;SJNP;09/05/2015;17:30:00;0
53258;53258;ACIDENTE;PARECI NOVO;RS;SSNG;09/05/2015;14:00:00;0
53261;53261;ACIDENTE;MIRASSOL D'OESTE;MT;****;09/05/2015;20:00:00;0
53285;53285;INCIDENTE;BELÉM;PA;SBBE;09/05/2015;12:53:00;0
53273;53273;INCIDENTE;GUARULHOS;SP;SNBR;12/05/2015;15:30:00;0
53276;53276;INCIDENTE;POÇOS DE CALDAS;MG;SBPC;13/05/2015;14:05:00;0
53282;53282;INCIDENTE;JABOATÃO DOS GUARARAPES;PE;SBRF;15/05/2015;15:15:00;0
53284;53284;INCIDENTE;JUAZEIRO DO NORTE;CE;SBJU;16/05/2015;22:15:00;0
53390;53390;INCIDENTE;IGARASSU;PE;SIFC;16/05/2015;12:28:00;0
53256;53256;ACIDENTE;CAMPO MOURÃO;PR;SSKM;17/05/2015;18:15:00;0
53257;53257;ACIDENTE;ARACAJU;SE;SBAR;17/05/2015;17:40:00;1
53271;53271;INCIDENTE GRAVE;UMUARAMA;PR;****;17/05/2015;17:00:00;0
53277;53277;INCIDENTE;BELO HORIZONTE;MG;SBBH;19/05/2015;19:58:00;0
53254;53254;ACIDENTE;CAMBARÁ;PR;****;20/05/2015;14:00:00;1
53262;53262;INCIDENTE GRAVE;IBATEGUARA;AL;****;20/05/2015;15:10:00;3
53270;53270;INCIDENTE GRAVE;SANTO ANTÔNIO DE GOIÁS;GO;****;20/05/2015;14:40:00;1
53275;53275;INCIDENTE;SÃO LUÍS;MA;SBSL;20/05/2015;16:20:00;0
53278;53278;INCIDENTE;SÃO PAULO;SP;SBMT;20/05/2015;16:40:00;0
53283;53283;INCIDENTE;COARI;AM;SWKO;20/05/2015;17:00:00;0
53267;53267;ACIDENTE;SÃO FÉLIX DO XINGU;PA;SNFX;21/05/2015;13:00:00;0
53279;53279;INCIDENTE;GOVERNADOR VALADARES;MG;SBGV;21/05/2015;20:46:00;0
53316;53316;INCIDENTE;SÃO ROQUE;SP;****;21/05/2015;17:15:00;0
53317;53317;INCIDENTE;SÃO JOSÉ DOS CAMPOS;SP;****;21/05/2015;11:50:00;0
53315;53315;INCIDENTE;SÃO PAULO;SP;SBMT;23/05/2015;15:30:00;0
53266;53266;ACIDENTE;ROCHEDO;MS;****;24/05/2015;13:53:00;7
53272;53272;INCIDENTE GRAVE;GUARAPARI;ES;SIVU;24/05/2015;14:48:00;0
53314;53314;INCIDENTE;CAMPINAS;SP;SBKP;24/05/2015;18:00:00;0
53281;53281;INCIDENTE;ITUPEVA;SP;****;25/05/2015;19:14:00;0
53313;53313;INCIDENTE;LONDRINA;PR;SBLO;25/05/2015;15:30:00;0
53268;53268;ACIDENTE;VIÇOSA;MG;SNVC;29/05/2015;19:10:00;1
53306;53306;ACIDENTE;ATALAIA DO NORTE;AM;****;29/05/2015;23:17:00;1
53312;53312;INCIDENTE;CANOAS;RS;SBPA;29/05/2015;02:03:00;0
53311;53311;INCIDENTE;MANAUS;AM;****;01/06/2015;03:45:00;0
53310;53310;INCIDENTE;CARAUARI;AM;SWCA;02/06/2015;20:53:00;0
53323;53323;ACIDENTE;PATROCÍNIO;MG;****;05/06/2015;15:05:00;0
53328;53328;INCIDENTE;BRASÍLIA;DF;****;05/06/2015;00:35:00;0
53307;53307;ACIDENTE;BELO HORIZONTE;MG;SBBH;07/06/2015;18:25:00;0
53308;53308;INCIDENTE GRAVE;SÃO LUÍS;MA;SBSL;09/06/2015;16:05:00;1
53326;53326;INCIDENTE GRAVE;GUARATINGUETÁ;SP;SBGW;10/06/2015;19:15:00;1
53391;53391;INCIDENTE;JOINVILLE;SC;SBJV;10/06/2015;17:46:00;0
53324;53324;ACIDENTE;GOIÂNIA;GO;SBNV;11/06/2015;17:55:00;0
53344;53344;INCIDENTE;PORTEL;PA;SIPY;11/06/2015;10:00:00;0
53325;53325;ACIDENTE;NOVO HAMBURGO;RS;SSNH;13/06/2015;16:30:00;1
53347;53347;INCIDENTE;BELO HORIZONTE;MG;SBBH;13/06/2015;14:25:00;0
53327;53327;ACIDENTE;PACAEMBU;SP;****;14/06/2015;18:00:00;0
53330;53330;INCIDENTE;CAMPINAS;SP;SBGR;14/06/2015;12:27:00;0
53349;53349;INCIDENTE;PORTO ALEGRE;RS;SBPA;15/06/2015;20:42:00;0
53331;53331;ACIDENTE;OURO PRETO;MG;****;16/06/2015;19:10:00;2
53339;53339;ACIDENTE;RONDONÓPOLIS;MT;****;16/06/2015;17:00:00;0
53333;53333;ACIDENTE;PIRACICABA;SP;SDPW;17/06/2015;19:30:00;2
53341;53341;ACIDENTE;SIQUEIRA CAMPOS;PR;****;17/06/2015;21:00:00;0
53348;53348;INCIDENTE;SÃO JOSÉ DOS PINHAIS;PR;SBCT;17/06/2015;14:11:00;0
53332;53332;INCIDENTE GRAVE;SALVADOR;BA;SBSV;19/06/2015;09:25:00;3
53392;53392;INCIDENTE;MACAÉ;RJ;SBME;19/06/2015;17:54:00;0
53343;53343;ACIDENTE;CRUZ ALTA;RS;SSAK;21/06/2015;18:00:00;0
53346;53346;INCIDENTE;SÃO PAULO;SP;SBMT;21/06/2015;18:20:00;0
53345;53345;INCIDENTE;SÃO PAULO;SP;SBMT;25/06/2015;14:25:00;0
53340;53340;ACIDENTE;CAUCAIA;CE;****;26/06/2015;19:38:00;8
53455;53455;INCIDENTE;SÃO PAULO;SP;SBGR;26/06/2015;03:05:00;0
53380;53380;ACIDENTE;MONTENEGRO;RS;SSNG;27/06/2015;18:30:00;0
53355;53355;INCIDENTE GRAVE;MACAÉ;RJ;SBME;28/06/2015;11:46:00;2
53370;53370;ACIDENTE;SAPEZAL;MT;****;29/06/2015;19:40:00;0
53381;53381;ACIDENTE;CONSELHEIRO LAFAIETE;MG;SNKF;29/06/2015;18:00:00;0
53386;53386;INCIDENTE;SÃO PAULO;SP;SBMT;30/06/2015;12:45:00;0
53351;53351;INCIDENTE;MARABÁ;PA;SBMA;01/07/2015;13:39:00;0
53357;53357;INCIDENTE GRAVE;BELÉM;PA;SBJC;03/07/2015;13:35:00;0
53363;53363;INCIDENTE;MANAUS;AM;SBEG;04/07/2015;20:02:00;0
53385;53385;INCIDENTE;LONDRINA;PR;SBLO;04/07/2015;16:35:00;0
53356;53356;ACIDENTE;BLUMENAU;SC;SSBL;05/07/2015;18:15:00;1
53422;53422;INCIDENTE;GOIÂNIA;GO;SBGO;05/07/2015;00:50:00;0
53389;53389;INCIDENTE;VILHENA;RO;SBPV;06/07/2015;11:31:00;0
53618;53618;INCIDENTE;SÃO PAULO;SP;SBMT;06/07/2015;12:50:00;0
53354;53354;INCIDENTE;UBERLÂNDIA;MG;SBUL;07/07/2015;22:50:00;0
53358;53358;INCIDENTE GRAVE;SANTA INÊS;MA;****;07/07/2015;20:00:00;3
53361;53361;INCIDENTE GRAVE;RIBEIRÃO PRETO;SP;SBRP;07/07/2015;12:40:00;0
53359;53359;ACIDENTE;TATUÍ;SP;SDTF;09/07/2015;16:15:00;0
53360;53360;ACIDENTE;CAUCAIA;CE;****;10/07/2015;14:50:00;2
53362;53362;INCIDENTE;UBERLÂNDIA;MG;SBUL;10/07/2015;13:49:00;0
53372;53372;ACIDENTE;CHAPADA DOS GUIMARÃES;MT;****;10/07/2015;20:30:00;1
53402;53402;INCIDENTE;SÃO JOSÉ DOS CAMPOS;SP;SBSP;10/07/2015;19:58:00;0
53413;53413;INCIDENTE;LONDRINA;PR;SBLO;10/07/2015;17:20:00;0
53411;53411;INCIDENTE;GUARULHOS;SP;SBGR;11/07/2015;04:22:00;0
53416;53416;INCIDENTE;SÃO PAULO;SP;SBSP;11/07/2015;16:51:00;0
53418;53418;ACIDENTE;DIVINÓPOLIS;MG;SNDV;11/07/2015;16:14:00;0
53410;53410;INCIDENTE;CORUMBÁ;MS;SBCR;12/07/2015;17:30:00;0
53364;53364;INCIDENTE;TERESINA;PI;SBTE;13/07/2015;14:58:00;0
53374;53374;ACIDENTE;ITAITUBA;PA;****;14/07/2015;19:30:00;0
53431;53431;ACIDENTE;TUMIRITINGA;MG;****;14/07/2015;20:00:00;0
53432;53432;INCIDENTE;CAMPO BELO;MG;SSOL;17/07/2015;19:00:00;0
53417;53417;INCIDENTE;SALVADOR;BA;SBSV;18/07/2015;00:03:00;0
53371;53371;INCIDENTE;CONFINS;MG;SBCF;19/07/2015;22:00:00;0
53376;53376;ACIDENTE;RIO VERDE;GO;****;19/07/2015;00:15:00;1
53421;53421;INCIDENTE;SÃO PAULO;SP;SBMT;20/07/2015;14:05:00;0
53373;53373;ACIDENTE;LONDRINA;PR;SSOK;21/07/2015;17:25:00;2
53420;53420;INCIDENTE;COARI;AM;SWKO;22/07/2015;13:09:00;0
53375;53375;ACIDENTE;MANAUS;AM;SBEG;23/07/2015;19:59:00;1
53419;53419;ACIDENTE;BRAGANÇA PAULISTA;SP;SBBP;23/07/2015;13:40:00;0
53379;53379;ACIDENTE;IBATÉ;SP;****;24/07/2015;19:15:00;0
53377;53377;ACIDENTE;CRUZ ALTA;RS;SSAK;25/07/2015;18:40:00;2
53378;53378;ACIDENTE;PONTA GROSSA;PR;****;25/07/2015;20:00:00;0
53387;53387;INCIDENTE;SÃO JOSÉ DOS CAMPOS;SP;SBSJ;27/07/2015;15:45:00;0
53382;53382;INCIDENTE;CAMPO GRANDE;MS;SSKG;28/07/2015;19:34:00;0
53388;53388;INCIDENTE;SÃO PAULO;SP;SBMT;28/07/2015;19:07:00;0
53472;53472;ACIDENTE;COLINAS DO TOCANTINS;TO;****;28/07/2015;21:05:00;0
53438;53438;ACIDENTE;SÃO JOSÉ DOS AUSENTES;RS;****;30/07/2015;15:07:00;0
53423;53423;ACIDENTE;ARACAJU;SE;SNJD;01/08/2015;12:50:00;0
53428;53428;ACIDENTE;GOIÂNIA;GO;SBNV;06/08/2015;11:35:00;1
53440;53440;INCIDENTE;UBERLÂNDIA;MG;SBUL;06/08/2015;18:48:00;0
53441;53441;INCIDENTE;ILHÉUS;BA;SBIL;06/08/2015;18:30:00;0
53442;53442;INCIDENTE;SANTARÉM;PA;SBSN;06/08/2015;14:19:00;0
53424;53424;INCIDENTE;CURITIBA;PR;SBCT;09/08/2015;17:35:00;0
53465;53465;ACIDENTE;PIRACANJUBA;GO;****;09/08/2015;12:30:00;0
53426;53426;ACIDENTE;CAMPINAS;SP;SDAM;11/08/2015;16:45:00;0
53434;53434;INCIDENTE GRAVE;JUNDIAÍ;SP;SBJD;11/08/2015;12:20:00;0
53427;53427;ACIDENTE;ITARIRI;SP;****;13/08/2015;12:50:00;2
53430;53430;INCIDENTE;CUIABÁ;MT;SBCY;13/08/2015;02:50:00;0
53452;53452;INCIDENTE;LONDRINA;PR;SBLO;13/08/2015;18:02:00;0
53435;53435;ACIDENTE;BOA VISTA;RR;****;15/08/2015;14:00:00;0
53449;53449;INCIDENTE;NAVEGANTES;SC;SBNF;16/08/2015;19:20:00;0
53467;53467;ACIDENTE;NOVA ESPERANÇA;PR;****;16/08/2015;16:30:00;0
53436;53436;INCIDENTE GRAVE;ITÁPOLIS;SP;SDIO;17/08/2015;12:45:00;0
53454;53454;INCIDENTE;CURITIBA;PR;SBBI;18/08/2015;14:10:00;0
53605;53605;INCIDENTE;RIBEIRÃO PRETO;SP;SBRP;18/08/2015;23:00:00;0
53453;53453;INCIDENTE;RIO DE JANEIRO;RJ;SBRJ;19/08/2015;13:00:00;0
53450;53450;INCIDENTE;BELO HORIZONTE;MG;SBBH;20/08/2015;19:41:00;0
53473;53473;ACIDENTE;MIRASSOL;SP;SDMH;21/08/2015;20:50:00;0
53598;53598;INCIDENTE;LONDRINA;PR;****;21/08/2015;14:15:00;0
53478;53478;INCIDENTE;RONDONÓPOLIS;MT;SWRD;22/08/2015;12:00:00;0
53595;53595;INCIDENTE;CAMPOS DOS GOYTACAZES;RJ;****;22/08/2015;10:38:00;0
53451;53451;INCIDENTE;JUNDIAÍ;SP;SBJD;23/08/2015;20:05:00;0
53470;53470;ACIDENTE;PORTO BELO;SC;SDEN;23/08/2015;20:20:00;0
53463;53463;ACIDENTE;PACAEMBU;SP;****;24/08/2015;15:00:00;0
53466;53466;ACIDENTE;GOIÂNIA;GO;SBNV;27/08/2015;13:12:00;1
53599;53599;INCIDENTE;NAVEGANTES;SC;SBNF;27/08/2015;00:43:00;0
53462;53462;INCIDENTE GRAVE;PELOTAS;RS;SBPK;29/08/2015;17:30:00;0
53468;53468;ACIDENTE;MARIÁPOLIS;SP;****;30/08/2015;19:30:00;0
53469;53469;ACIDENTE;SÃO FÉLIX DO XINGU;PA;****;30/08/2015;18:30:00;3
53471;53471;INCIDENTE GRAVE;BELO HORIZONTE;MG;SBPR;31/08/2015;14:57:00;4
53476;53476;INCIDENTE;FLORIANÓPOLIS;SC;SBFL;31/08/2015;21:30:00;0
53475;53475;INCIDENTE;JUNDIAÍ;SP;SBJD;01/09/2015;14:50:00;0
53597;53597;INCIDENTE;LONDRINA;PR;SBLO;02/09/2015;21:25:00;0
53477;53477;ACIDENTE;LAVÍNIA;SP;****;04/09/2015;05:00:00;0
53494;53494;ACIDENTE;GOIÂNIA;GO;SBGO;05/09/2015;14:00:00;1
53560;53560;INCIDENTE;SÃO PAULO;SP;SBGR;08/09/2015;19:25:00;0
53604;53604;INCIDENTE;PARACATU;MG;SNHB;08/09/2015;12:55:00;0
53480;53480;INCIDENTE;CONFINS;MG;SBCF;09/09/2015;14:00:00;0
53481;53481;INCIDENTE;SALVADOR;BA;SBSV;11/09/2015;11:06:00;0
53474;53474;ACIDENTE;BELÉM;PA;****;13/09/2015;13:17:00;0
53550;53550;ACIDENTE;ITAPIPOCA;CE;****;13/09/2015;09:20:00;0
53594;53594;INCIDENTE;CABO FRIO;RJ;SBCB;14/09/2015;13:00:00;0
53608;53608;INCIDENTE;FLORIANÓPOLIS;SC;SBFL;14/09/2015;20:30:00;0
53592;53592;INCIDENTE;BELO HORIZONTE;MG;SBBH;15/09/2015;14:50:00;0
53593;53593;INCIDENTE;BELO HORIZONTE;MG;SBBH;15/09/2015;13:37:00;0
53484;53484;ACIDENTE;ANGRA DOS REIS;RJ;****;18/09/2015;13:30:00;0
53486;53486;ACIDENTE;GOIÂNIA;GO;SBGO;19/09/2015;13:20:00;1
53487;53487;ACIDENTE;SANTA RITA DE CÁSSIA;BA;****;19/09/2015;20:30:00;0
53482;53482;ACIDENTE;PIRENÓPOLIS;GO;SNMH;20/09/2015;21:10:00;0
53483;53483;INCIDENTE;JUNDIAÍ;SP;SBJD;20/09/2015;21:05:00;0
53485;53485;ACIDENTE;CASA BRANCA;SP;****;20/09/2015;17:30:00;0
53606;53606;INCIDENTE;CARAUARI;AM;SWCA;20/09/2015;10:54:00;0
53607;53607;INCIDENTE;RECIFE;PE;SBRF;21/09/2015;14:40:00;0
53489;53489;ACIDENTE;JACAREACANGA;PA;SBEK;22/09/2015;22:15:00;0
53506;53506;INCIDENTE;FOZ DO IGUAÇU;PR;SBFI;22/09/2015;15:57:00;0
53488;53488;ACIDENTE;MACEIÓ;AL;****;23/09/2015;14:00:00;6
53507;53507;INCIDENTE;FOZ DO IGUAÇU;PR;SBFI;23/09/2015;20:00:00;0
53555;53555;ACIDENTE;CEARÁ-MIRIM;RN;SNOG;23/09/2015;13:00:00;0
53554;53554;ACIDENTE;SANTA ROSA;RS;SSZR;24/09/2015;17:00:00;0
53558;53558;INCIDENTE;RIO DE JANEIRO;RJ;SBRJ;25/09/2015;22:15:00;0
53610;53610;INCIDENTE;BAURU;SP;****;25/09/2015;10:08:00;0
53503;53503;INCIDENTE;SANTARÉM;PA;SBSN;26/09/2015;11:45:00;0
53495;53495;ACIDENTE;SANTO ANTÔNIO DO LEVERGER;MT;SWLV;28/09/2015;21:10:00;1
53498;53498;ACIDENTE;ALTA FLORESTA;MT;****;28/09/2015;14:40:00;0
53553;53553;ACIDENTE;TRAJANO DE MORAES;RJ;****;28/09/2015;18:30:00;0
53609;53609;INCIDENTE;RIO DE JANEIRO;RJ;SBGL;28/09/2015;15:35:00;0
53490;53490;INCIDENTE;SALVADOR;BA;SBSV;30/09/2015;04:30:00;0
53491;53491;ACIDENTE;PAUINI;AM;****;30/09/2015;14:30:00;0
53496;53496;INCIDENTE GRAVE;JATAÍ;GO;SWJW;30/09/2015;17:34:00;1
53508;53508;INCIDENTE;FOZ DO IGUAÇU;PR;SBFI;30/09/2015;18:38:00;0
53532;53532;INCIDENTE;GOIÂNIA;GO;SBGO;30/09/2015;11:55:00;0
53492;53492;INCIDENTE;BELÉM;PA;SBBE;01/10/2015;18:30:00;0
53509;53509;INCIDENTE;CAMPINAS;SP;SBKP;01/10/2015;21:25:00;0
53510;53510;INCIDENTE;RIBEIRÃO PRETO;SP;SBRP;01/10/2015;19:30:00;0
53513;53513;INCIDENTE;RIO DE JANEIRO;RJ;SBRJ;01/10/2015;01:48:00;0
53511;53511;INCIDENTE;MANAUS;AM;SWFN;03/10/2015;16:02:00;0
53512;53512;INCIDENTE;BRASÍLIA;DF;SBBR;03/10/2015;14:10:00;0
53493;53493;INCIDENTE;BRASÍLIA;DF;SBBR;05/10/2015;14:15:00;0
53497;53497;ACIDENTE;CORUMBÁ;MS;****;06/10/2015;12:00:00;0
53501;53501;ACIDENTE;CATAS ALTAS;MG;****;06/10/2015;14:33:00;0
53504;53504;INCIDENTE;GOIÂNIA;GO;SBGO;07/10/2015;10:54:00;0
53505;53505;INCIDENTE;GOIÂNIA;GO;SBGO;07/10/2015;11:56:00;0
53499;53499;INCIDENTE GRAVE;RIO DE JANEIRO;RJ;SBJR;08/10/2015;16:22:00;0
53502;53502;INCIDENTE;BRASÍLIA;DF;SBBR;08/10/2015;11:20:00;0
53516;53516;INCIDENTE;FEIRA DE SANTANA;BA;SNJD;08/10/2015;18:05:00;0
53500;53500;ACIDENTE;VERA CRUZ;SP;****;11/10/2015;19:35:00;0
53514;53514;INCIDENTE;JUNDIAÍ;SP;SBJD;11/10/2015;18:20:00;0
53515;53515;INCIDENTE;SÃO PAULO;SP;SBMT;14/10/2015;11:50:00;0
53518;53518;INCIDENTE;CAMPO GRANDE;MS;SBCG;14/10/2015;11:47:00;0
53520;53520;INCIDENTE;LONDRINA;PR;SBLO;14/10/2015;04:25:00;0
53517;53517;INCIDENTE;FORTALEZA;CE;SBFZ;17/10/2015;19:36:00;0
53519;53519;INCIDENTE GRAVE;GUARATINGUETÁ;SP;SBGW;18/10/2015;15:30:00;0
53557;53557;ACIDENTE;GUARANÉSIA;MG;****;18/10/2015;20:30:00;0
53543;53543;ACIDENTE;JARDIM;MS;SSJI;21/10/2015;14:30:00;0
60639;60639;INCIDENTE;CURITIBA;PR;SBCT;21/10/2015;18:30:00;0
53524;53524;INCIDENTE;GUARULHOS;SP;SBGR;22/10/2015;16:52:00;0
53546;53546;ACIDENTE;RONDONÓPOLIS;MT;SDWC;22/10/2015;11:30:00;0
53545;53545;INCIDENTE GRAVE;PORTO VELHO;RO;SBPV;23/10/2015;20:00:00;1
53533;53533;INCIDENTE;RIBEIRÃO PRETO;SP;SBRP;24/10/2015;12:36:00;0
53547;53547;ACIDENTE;GUARANI;MG;****;25/10/2015;19:30:00;0
53590;53590;INCIDENTE;PORTO ALEGRE;RS;SBPA;28/10/2015;15:05:00;0
53534;53534;INCIDENTE;GOIÂNIA;GO;SBGO;29/10/2015;14:25:00;0
53591;53591;INCIDENTE;GUARULHOS;SP;SBGR;29/10/2015;01:40:00;0
53579;53579;ACIDENTE;VILHENA;RO;SBVH;30/10/2015;12:30:00;0
53561;53561;ACIDENTE;SALVADOR;BA;****;31/10/2015;18:50:00;0
53585;53585;INCIDENTE;BELO HORIZONTE;MG;SBBH;31/10/2015;10:24:00;0
53578;53578;ACIDENTE;PORTO VELHO;RO;SWRO;01/11/2015;21:30:00;0
53556;53556;ACIDENTE;MIRASSOL;SP;SDMH;02/11/2015;09:30:00;0
53586;53586;INCIDENTE;SÃO PAULO;SP;SBSP;02/11/2015;18:35:00;0
53587;53587;INCIDENTE;SÃO LUÍS;MA;SBSL;03/11/2015;17:20:00;0
53551;53551;INCIDENTE GRAVE;BRAGANÇA PAULISTA;SP;SBBP;05/11/2015;19:15:00;1
53640;53640;INCIDENTE;COCALINHO;MT;****;05/11/2015;10:30:00;0
53552;53552;INCIDENTE GRAVE;TEFÉ;AM;SBTF;06/11/2015;15:04:00;4
53581;53581;INCIDENTE GRAVE;CASCAVEL;PR;SBCA;06/11/2015;18:50:00;0
53584;53584;INCIDENTE;SÃO PAULO;SP;SBSP;06/11/2015;18:20:00;0
53589;53589;INCIDENTE;PORTO ALEGRE;RS;SBPA;06/11/2015;19:33:00;0
53611;53611;INCIDENTE;VÁRZEA GRANDE;MT;SBCY;06/11/2015;03:27:00;0
53562;53562;ACIDENTE;JAGUARÃO;RS;****;08/11/2015;10:45:00;0
53563;53563;INCIDENTE GRAVE;TAIPU;RN;****;09/11/2015;20:00:00;0
53564;53564;ACIDENTE;BALSAS;MA;SNBS;09/11/2015;19:30:00;4
53566;53566;ACIDENTE;LENÇÓIS PAULISTA;SP;****;09/11/2015;19:30:00;0
53559;53559;ACIDENTE;GUARDA-MOR;MG;****;10/11/2015;21:04:00;0
53580;53580;ACIDENTE;ARAPONGAS;PR;SSOG;10/11/2015;12:00:00;0
53565;53565;ACIDENTE;SIRINHAÉM;PE;****;11/11/2015;17:55:00;2
53569;53569;INCIDENTE;RIO DE JANEIRO;RJ;SBRJ;11/11/2015;17:00:00;0
53601;53601;ACIDENTE;PARANATINGA;MT;****;13/11/2015;14:00:00;0
53567;53567;INCIDENTE GRAVE;RIO DE JANEIRO;RJ;SBJR;16/11/2015;18:37:00;0
53568;53568;INCIDENTE GRAVE;MANAUS;AM;SWFN;17/11/2015;17:55:00;1
53572;53572;ACIDENTE;MIRACATU;SP;****;17/11/2015;15:55:00;1
53571;53571;ACIDENTE;GARIBALDI;RS;SSGA;21/11/2015;19:30:00;2
53603;53603;INCIDENTE;BRASÍLIA;DF;SBBR;24/11/2015;17:08:00;0
53633;53633;INCIDENTE;SÃO JOSÉ DO RIO PRETO;SP;SBSR;24/11/2015;20:31:00;0
53582;53582;INCIDENTE;PORTO ALEGRE;RS;SBPA;25/11/2015;14:30:00;0
53583;53583;INCIDENTE;RIBEIRÃO PRETO;SP;SBRP;25/11/2015;10:32:00;0
53602;53602;INCIDENTE;RIO DE JANEIRO;RJ;SBJR;25/11/2015;15:25:00;0
53570;53570;INCIDENTE;RIBEIRÃO PRETO;SP;SBRP;27/11/2015;11:50:00;0
53574;53574;ACIDENTE;JUNDIAÍ;SP;****;27/11/2015;13:05:00;1
53577;53577;ACIDENTE;PLANALTO DA SERRA;MT;****;27/11/2015;16:00:00;0
53576;53576;ACIDENTE;SÃO VICENTE DO SUL;RS;****;29/11/2015;20:30:00;0
53637;53637;INCIDENTE;SÃO PAULO;SP;SBMT;29/11/2015;11:10:00;0
53638;53638;INCIDENTE;RIO DE JANEIRO;RJ;SBRJ;29/11/2015;23:08:00;0
53635;53635;INCIDENTE;GOIÂNIA;GO;SBGO;30/11/2015;12:22:00;0
53573;53573;INCIDENTE;GUARULHOS;SP;SBGR;01/12/2015;02:48:00;0
60601;60601;INCIDENTE;PALMAS;TO;SBPJ;01/12/2015;16:05:00;0
53634;53634;INCIDENTE;PALMAS;TO;SBPJ;02/12/2015;17:45:00;0
53636;53636;INCIDENTE;JUNDIAÍ;SP;SBJD;02/12/2015;17:42:00;0
53575;53575;INCIDENTE;CAMPOS DOS GOYTACAZES;RJ;SBFS;03/12/2015;10:50:00;0
60637;60637;INCIDENTE;BELO HORIZONTE;MG;SBBH;03/12/2015;16:47:00;0
53625;53625;ACIDENTE;TRINDADE;GO;****;06/12/2015;13:10:00;3
53626;53626;ACIDENTE;AMERICANA;SP;SDAI;06/12/2015;15:00:00;1
53628;53628;ACIDENTE;AGUAÍ;SP;****;08/12/2015;14:30:00;1
53629;53629;INCIDENTE GRAVE;JALES;SP;SDJL;08/12/2015;10:20:00;0
53631;53631;INCIDENTE;CAMPINAS;SP;SBKP;08/12/2015;16:19:00;0
60636;60636;INCIDENTE;CAXIAS DO SUL;RS;SBCX;08/12/2015;13:00:00;0
53627;53627;INCIDENTE;TERESINA;PI;SBTE;12/12/2015;19:05:00;0
60604;60604;INCIDENTE;GOIÂNIA;GO;SBGO;12/12/2015;14:34:00;0
60611;60611;INCIDENTE;SÃO PAULO;SP;SBSP;12/12/2015;15:30:00;0
60613;60613;ACIDENTE;JUSCIMEIRA;MT;SWMO;12/12/2015;08:31:00;0
60629;60629;ACIDENTE;RIO GRANDE;RS;****;12/12/2015;10:40:00;0
53630;53630;INCIDENTE;MARÍLIA;SP;SBML;13/12/2015;13:50:00;0
60603;60603;INCIDENTE;LONDRINA;PR;SBLO;13/12/2015;17:46:00;0
60612;60612;ACIDENTE;BENTO GONÇALVES;RS;SSBG;13/12/2015;20:30:00;0
60783;60783;ACIDENTE;LAGES;SC;****;13/12/2015;14:00:00;3
53639;53639;INCIDENTE;LOUVEIRA;SP;SDAM;15/12/2015;14:20:00;0
60609;60609;INCIDENTE GRAVE;ARAGUAÍNA;TO;SWGN;15/12/2015;13:00:00;0
60616;60616;ACIDENTE;PALOTINA;PR;****;15/12/2015;20:30:00;0
60620;60620;ACIDENTE;RIO DE JANEIRO;RJ;SBJR;15/12/2015;16:50:00;4
60645;60645;ACIDENTE;SERTÃOZINHO;SP;****;15/12/2015;13:00:00;0
60608;60608;INCIDENTE;BELO HORIZONTE;MG;SBPR;16/12/2015;10:38:00;0
60625;60625;ACIDENTE;ITÁPOLIS;SP;SDIO;17/12/2015;21:30:00;1
60605;60605;INCIDENTE;UBERLÂNDIA;MG;SBUL;18/12/2015;10:25:00;0
60610;60610;INCIDENTE;JUNDIAÍ;SP;SBJD;18/12/2015;18:45:00;0
60602;60602;INCIDENTE;RIBEIRÃO PRETO;SP;SBRP;22/12/2015;06:27:00;0
60615;60615;INCIDENTE;SÃO PAULO;SP;SBMT;22/12/2015;13:07:00;0
60640;60640;INCIDENTE;CASCAVEL;PR;SBCA;23/12/2015;13:20:00;0
60641;60641;INCIDENTE;BELO HORIZONTE;MG;SBBH;23/12/2015;15:53:00;0
60632;60632;INCIDENTE GRAVE;ITABERÁ;SP;****;24/12/2015;14:00:00;0
60600;60600;INCIDENTE;GUARULHOS;SP;SBGR;25/12/2015;19:00:00;0
60642;60642;INCIDENTE;SÃO FRANCISCO DO SUL;SC;SSSS;26/12/2015;16:00:00;0
60631;60631;ACIDENTE;MAÇAMBARÁ;RS;****;28/12/2015;19:00:00;2
60649;60649;ACIDENTE;PORTO BELO;SC;SDEN;31/12/2015;14:00:00;0
60672;60672;INCIDENTE;AVARÉ;SP;SBDN;02/01/2016;16:00:00;0
60800;60800;ACIDENTE;PARATY;RJ;SDTK;03/01/2016;16:30:00;0
60653;60653;ACIDENTE;BELÉM;PA;SBJC;04/01/2016;14:56:00;0
60671;60671;INCIDENTE;SALVADOR;BA;SBSV;04/01/2016;15:25:00;0
60676;60676;ACIDENTE;SOCORRO;SP;****;04/01/2016;22:00:00;0
60677;60677;INCIDENTE GRAVE;CAMPO FLORIDO;MG;####;05/01/2016;12:30:00;1
60681;60681;INCIDENTE GRAVE;VILA VELHA;ES;SIVU;05/01/2016;19:10:00;0
60634;60634;ACIDENTE;BOM JESUS DE GOIÁS;GO;****;07/01/2016;19:00:00;0
60710;60710;INCIDENTE;PORTO ALEGRE;RS;SBPA;07/01/2016;20:00:00;0
60630;60630;INCIDENTE GRAVE;RONDONÓPOLIS;MT;SWRD;08/01/2016;02:15:00;5
60651;60651;ACIDENTE;IGARAPAVA;SP;****;08/01/2016;20:50:00;0
60682;60682;INCIDENTE GRAVE;BELO HORIZONTE;MG;SBBH;08/01/2016;17:15:00;0
60859;60859;ACIDENTE;ITAQUI;RS;****;08/01/2016;10:30:00;0
60660;60660;ACIDENTE;URUGUAIANA;RS;SJDU;11/01/2016;09:30:00;3
60664;60664;ACIDENTE;MONTES CLAROS DE GOIÁS;GO;****;12/01/2016;14:00:00;0
60665;60665;ACIDENTE;ASSIS;SP;****;15/01/2016;12:37:00;1
60667;60667;INCIDENTE GRAVE;CAMETÁ;PA;****;15/01/2016;19:00:00;0
60668;60668;ACIDENTE;MARINGÁ;PR;SBMG;16/01/2016;16:04:00;0
60662;60662;INCIDENTE GRAVE;BRASÍLIA;DF;SBBR;18/01/2016;17:59:00;2
60688;60688;INCIDENTE GRAVE;QUERÊNCIA DO NORTE;PR;****;18/01/2016;21:25:00;0
60679;60679;INCIDENTE;BRASÍLIA;DF;SBBR;19/01/2016;01:35:00;0
60692;60692;ACIDENTE;BARRA BONITA;SP;****;19/01/2016;12:00:00;1
60657;60657;INCIDENTE;RECIFE;PE;SBRF;20/01/2016;15:20:00;0
60661;60661;ACIDENTE;OSÓRIO;RS;SSOS;20/01/2016;12:00:00;4
60686;60686;ACIDENTE;LONDRINA;PR;SSOK;20/01/2016;19:10:00;0
60689;60689;ACIDENTE;ITOBI;SP;****;21/01/2016;14:15:00;3
60691;60691;ACIDENTE;JUNDIAÍ;SP;SBJD;21/01/2016;12:58:00;0
60711;60711;INCIDENTE;RIBEIRÃO PRETO;SP;SBPP;21/01/2016;19:01:00;0
60727;60727;INCIDENTE;LONDRINA;PR;SBLO;21/01/2016;12:00:00;0
60659;60659;INCIDENTE;ARAGUAÍNA;TO;SWGN;22/01/2016;03:44:00;0
60809;60809;INCIDENTE;PORTO ALEGRE;RS;SBPA;22/01/2016;12:29:00;0
60669;60669;ACIDENTE;VARJÃO DE MINAS;MG;****;23/01/2016;11:30:00;1
60690;60690;INCIDENTE;SÃO PAULO;SP;SBMT;23/01/2016;14:15:00;0
60728;60728;ACIDENTE;NOVA UBIRATÃ;MT;****;23/01/2016;20:15:00;0
60729;60729;INCIDENTE GRAVE;CURITIBA;PR;SBBI;23/01/2016;17:51:00;0
60732;60732;INCIDENTE GRAVE;LONDRINA;PR;SBLO;24/01/2016;15:40:00;1
60745;60745;INCIDENTE;GOIÂNIA;GO;SBNV;24/01/2016;11:50:00;0
60709;60709;INCIDENTE GRAVE;CAMPO GRANDE;MS;SBCG;25/01/2016;14:23:00;0
60696;60696;INCIDENTE GRAVE;MARECHAL THAUMATURGO;AC;SSPV;26/01/2016;13:55:00;0
60708;60708;INCIDENTE;IBIPORÃ;PR;SSOK;26/01/2016;13:58:00;0
60751;60751;INCIDENTE;RIO DE JANEIRO;RJ;****;26/01/2016;17:08:00;0
60712;60712;INCIDENTE;SÃO PAULO;SP;SBMT;28/01/2016;19:40:00;0
60768;60768;ACIDENTE;SÃO PEDRO DO SUL;RS;****;28/01/2016;21:00:00;0
60694;60694;ACIDENTE;JOÃO PESSOA;PB;SNJO;29/01/2016;19:45:00;0
60697;60697;INCIDENTE;CAMPINAS;SP;SBKP;31/01/2016;14:20:00;0
60693;60693;ACIDENTE;FLORIANÓPOLIS;SC;****;01/02/2016;07:19:00;0
60713;60713;ACIDENTE;SETE BARRAS;SP;****;01/02/2016;14:30:00;0
60769;60769;ACIDENTE;PIRAQUARA;PR;****;01/02/2016;19:20:00;0
60735;60735;ACIDENTE;CHAPADA GAÚCHA;MG;****;02/02/2016;09:25:00;0
60721;60721;ACIDENTE;MESÓPOLIS;SP;****;05/02/2016;14:30:00;1
60790;60790;ACIDENTE;LAGOA DA CONFUSÃO;TO;****;05/02/2016;10:30:00;0
60752;60752;ACIDENTE;TOROPI;RS;****;06/02/2016;10:00:00;2
60726;60726;INCIDENTE;GUARATUBA;PR;SSGB;08/02/2016;16:00:00;0
60734;60734;ACIDENTE;PARANATINGA;MT;****;08/02/2016;19:30:00;0
60770;60770;INCIDENTE;SÃO PAULO;SP;****;08/02/2016;13:20:00;0
60753;60753;ACIDENTE;SÃO LUÍS;MA;****;09/02/2016;20:10:00;0
60730;60730;INCIDENTE;ITANHAÉM;SP;SDIM;10/02/2016;13:00:00;2
60738;60738;INCIDENTE;PRIMAVERA DO LESTE;MT;****;10/02/2016;11:00:00;0
60817;60817;ACIDENTE;MANOEL URBANO;AC;SIMB;10/02/2016;19:30:00;0
60725;60725;INCIDENTE;CUIABÁ;MT;SBCY;11/02/2016;11:05:00;0
60739;60739;INCIDENTE;CASCAVEL;PR;SBCA;12/02/2016;18:06:00;0
60741;60741;INCIDENTE;SÃO PAULO;SP;SBMT;13/02/2016;18:10:00;0
60810;60810;INCIDENTE;CURITIBA;PR;SBBI;13/02/2016;15:40:00;0
60740;60740;INCIDENTE;BRASÍLIA;DF;SBBR;14/02/2016;17:30:00;0
60749;60749;INCIDENTE;RECIFE;PE;SBRF;16/02/2016;23:05:00;0
60756;60756;ACIDENTE;SANTA ISABEL;SP;****;16/02/2016;16:17:00;0
60808;60808;INCIDENTE;CURITIBA;PR;SBBI;16/02/2016;18:10:00;0
60767;60767;ACIDENTE;CRUZ ALTA;RS;****;17/02/2016;13:30:00;0
60785;60785;ACIDENTE;NOVA UBIRATÃ;MT;SWPA;18/02/2016;20:00:00;0
60793;60793;INCIDENTE GRAVE;LAGOA DA CONFUSÃO;TO;****;19/02/2016;10:30:00;2
60792;60792;ACIDENTE;ÁLVARES MACHADO;SP;SDEM;20/02/2016;13:30:00;0
65237;65237;ACIDENTE;PORTO MURTINHO;MS;SDWU;20/02/2016;14:20:00;0
60784;60784;INCIDENTE;JUNDIAÍ;SP;SBJD;21/02/2016;15:40:00;0
60837;60837;INCIDENTE;ITATIBA;SP;****;22/02/2016;11:00:00;0
60787;60787;INCIDENTE;BRASÍLIA;DF;SBBR;23/02/2016;09:30:00;0
61014;61014;INCIDENTE GRAVE;AMAJARI;RR;****;24/02/2016;05:48:00;0
60805;60805;INCIDENTE;SALGUEIRO;PE;SNSG;25/02/2016;12:25:00;0
60867;60867;INCIDENTE;SÃO SEBASTIÃO DO PARAÍSO;MG;****;25/02/2016;20:40:00;0
60802;60802;ACIDENTE;JAGUAPITÃ;PR;****;26/02/2016;14:30:00;0
60811;60811;INCIDENTE;FOZ DO IGUAÇU;PR;SBFI;28/02/2016;22:48:00;0
60819;60819;INCIDENTE;SÃO PAULO;SP;SBSP;01/03/2016;14:15:00;0
60846;60846;INCIDENTE;BRASÍLIA;DF;SBBR;02/03/2016;14:00:00;0
60836;60836;INCIDENTE;PORTO ALEGRE;RS;SBPA;03/03/2016;03:14:00;0
60844;60844;ACIDENTE;AMERICANA;SP;SDAI;03/03/2016;20:20:00;0
60845;60845;ACIDENTE;ÁGUA CLARA;MS;****;04/03/2016;10:30:00;0
60861;60861;ACIDENTE;COLÍDER;MT;SIKC;04/03/2016;19:30:00;0
60849;60849;INCIDENTE;RIO DE JANEIRO;RJ;SBGL;05/03/2016;09:30:00;0
60857;60857;INCIDENTE;VITÓRIA DA CONQUISTA;BA;SBQV;06/03/2016;17:20:00;0
60847;60847;INCIDENTE;BRASÍLIA;DF;SBBR;07/03/2016;14:57:00;0
60841;60841;INCIDENTE;MARINGÁ;PR;SBMG;08/03/2016;09:35:00;0
60853;60853;INCIDENTE;SÃO PAULO;SP;SBMT;09/03/2016;16:10:00;0
60864;60864;INCIDENTE GRAVE;CONQUISTA D'OESTE;MT;****;09/03/2016;09:00:00;0
65448;65448;INCIDENTE;COARI;AM;SBUY;09/03/2016;14:29:00;0
60869;60869;INCIDENTE;CAMPINAS;SP;SBKP;11/03/2016;22:02:00;0
60872;60872;ACIDENTE;SALTO DE PIRAPORA;SP;SDBN;12/03/2016;16:30:00;0
60862;60862;ACIDENTE;PALMEIRA DAS MISSÕES;RS;****;13/03/2016;14:40:00;0
60877;60877;INCIDENTE;SÃO PAULO;SP;SBGR;13/03/2016;16:50:00;0
60881;60881;ACIDENTE;CRISTALÂNDIA;TO;****;13/03/2016;19:00:00;0
65831;65831;INCIDENTE;VITÓRIA;ES;SBVT;13/03/2016;21:47:00;0
60870;60870;INCIDENTE;FLORIANÓPOLIS;SC;SBFL;15/03/2016;10:15:00;0
60883;60883;ACIDENTE;ULIANÓPOLIS;PA;****;15/03/2016;20:00:00;0
60903;60903;INCIDENTE;LONDRINA;PR;SBLO;15/03/2016;20:08:00;0
60878;60878;INCIDENTE;BRASÍLIA;DF;SBBR;16/03/2016;22:00:00;0
60949;60949;ACIDENTE;JABORANDI;BA;****;17/03/2016;09:20:00;0
60892;60892;ACIDENTE;OEIRAS;PI;****;18/03/2016;19:30:00;1
60897;60897;ACIDENTE;CARACARAÍ;RR;SWQI;18/03/2016;18:30:00;1
60917;60917;INCIDENTE;FOZ DO IGUAÇU;PR;SBFI;18/03/2016;16:27:00;0
60882;60882;ACIDENTE;SÃO PAULO;SP;****;19/03/2016;18:23:00;0
60894;60894;ACIDENTE;BEBERIBE;CE;####;19/03/2016;13:30:00;0
60924;60924;ACIDENTE;SÃO CARLOS;SP;SDSC;20/03/2016;21:45:00;0
60914;60914;INCIDENTE;CAMPINAS;SP;SBKP;21/03/2016;10:13:00;0
60922;60922;ACIDENTE;JAGUARIPE;BA;****;21/03/2016;12:45:00;0
60904;60904;INCIDENTE;BELÉM;PA;SBBE;22/03/2016;14:10:00;0
60925;60925;ACIDENTE;DENISE;MT;****;22/03/2016;18:20:00;0
60929;60929;INCIDENTE;FLORIANÓPOLIS;SC;SBFL;23/03/2016;22:45:00;0
60936;60936;INCIDENTE;RIBEIRÃO PRETO;SP;SBRP;24/03/2016;14:50:00;0
60991;60991;ACIDENTE;JAURU;MT;****;24/03/2016;19:30:00;0
60930;60930;INCIDENTE GRAVE;ARARAS;SP;SDAA;25/03/2016;12:50:00;0
60944;60944;INCIDENTE;SÃO JOSÉ DOS CAMPOS;SP;SBSJ;25/03/2016;13:40:00;0
60954;60954;ACIDENTE;FEIRA DE SANTANA;BA;SBFE;26/03/2016;16:00:00;0
60927;60927;INCIDENTE GRAVE;PORTO DE MOZ;PA;****;27/03/2016;00:26:00;0
60948;60948;INCIDENTE;PIRACICABA;SP;SDPW;27/03/2016;16:35:00;0
60951;60951;ACIDENTE;SÃO PAULO;SP;SBMT;27/03/2016;18:35:00;0
60956;60956;ACIDENTE;SALTO DE PIRAPORA;SP;SDBN;27/03/2016;16:30:00;0
60947;60947;ACIDENTE;LUIZ ALVES;SC;****;30/03/2016;10:00:00;0
60972;60972;INCIDENTE;GOIÂNIA;GO;SBNV;01/04/2016;20:30:00;0
60955;60955;ACIDENTE;TATUÍ;SP;SDTF;02/04/2016;18:50:00;0
60966;60966;INCIDENTE;IBITINGA;SP;SDIG;02/04/2016;13:00:00;0
60980;60980;ACIDENTE;BARREIRINHAS;MA;SSRS;02/04/2016;14:12:00;1
60976;60976;INCIDENTE GRAVE;VILA VELHA;ES;****;03/04/2016;19:30:00;0
60988;60988;INCIDENTE;PARAGOMINAS;PA;****;03/04/2016;12:00:00;0
60974;60974;ACIDENTE;MACAPÁ;AP;****;04/04/2016;10:14:00;0
60981;60981;ACIDENTE;LUCAS DO RIO VERDE;MT;SDYF;04/04/2016;12:30:00;0
60975;60975;ACIDENTE;AMAJARI;RR;SWAQ;05/04/2016;16:05:00;2
60997;60997;ACIDENTE;BALSAS;MA;****;06/04/2016;10:05:00;0
60983;60983;ACIDENTE;UIRAMUTÃ;RR;SJLO;09/04/2016;19:30:00;0
60984;60984;ACIDENTE;TATUÍ;SP;SDTF;09/04/2016;15:14:00;0
60998;60998;INCIDENTE;BELO HORIZONTE;MG;SBPR;09/04/2016;19:00:00;0
61004;61004;INCIDENTE;JOÃO PINHEIRO;MG;SNYS;11/04/2016;18:00:00;0
60992;60992;INCIDENTE;GUARULHOS;SP;SBGR;12/04/2016;11:30:00;0
60994;60994;INCIDENTE;SÃO PAULO;SP;SBMT;13/04/2016;19:40:00;0
61001;61001;ACIDENTE;SANTA TEREZINHA DE ITAIPU;PR;SWIT;13/04/2016;16:15:00;0
61015;61015;ACIDENTE;PEDRA PRETA;MT;****;13/04/2016;21:00:00;0
60996;60996;INCIDENTE;SÃO PAULO;SP;SBSP;14/04/2016;10:06:00;0
61000;61000;INCIDENTE;SÃO PAULO;SP;SBSP;14/04/2016;19:42:00;0
61002;61002;INCIDENTE;BELO HORIZONTE;MG;SBBH;14/04/2016;13:50:00;0
61006;61006;INCIDENTE;JUNDIAÍ;SP;SBJD;14/04/2016;19:35:00;0
61009;61009;INCIDENTE;FORTALEZA;CE;SBFZ;16/04/2016;20:35:00;0
61007;61007;INCIDENTE;CAMPOS DOS GOYTACAZES;RJ;SBFS;18/04/2016;19:30:00;0
65200;65200;ACIDENTE;PORTO MURTINHO;MS;****;18/04/2016;14:30:00;0
61003;61003;ACIDENTE;BOA VISTA;RR;****;19/04/2016;10:08:00;1
61008;61008;INCIDENTE GRAVE;PONTA GROSSA;PR;****;19/04/2016;15:10:00;2
61010;61010;ACIDENTE;MANAUS;AM;SWFN;21/04/2016;20:00:00;0
61012;61012;ACIDENTE;PORTO SEGURO;BA;SBTV;21/04/2016;14:40:00;1
61033;61033;INCIDENTE GRAVE;ANGRA DOS REIS;RJ;SDAG;21/04/2016;16:45:00;0
61043;61043;INCIDENTE;ANGRA DOS REIS;RJ;SDAG;21/04/2016;19:50:00;0
61011;61011;INCIDENTE;MANAUS;AM;SBEG;22/04/2016;15:57:00;0
61042;61042;ACIDENTE;RIO DE JANEIRO;RJ;####;22/04/2016;14:50:00;0
61070;61070;INCIDENTE GRAVE;REDENÇÃO;PA;SNDC;22/04/2016;18:30:00;2
61031;61031;ACIDENTE;PIRAQUARA;PR;SISY;25/04/2016;13:58:00;0
65192;65192;INCIDENTE;CURITIBA;PR;SBBI;25/04/2016;18:00:00;0
61025;61025;INCIDENTE;RECIFE;PE;SBRF;26/04/2016;23:30:00;0
61051;61051;ACIDENTE;ARENÁPOLIS;MT;****;26/04/2016;19:30:00;0
61030;61030;INCIDENTE;BREVES;PA;SNVS;27/04/2016;15:12:00;0
61037;61037;INCIDENTE;PORTO ALEGRE;RS;SBPA;27/04/2016;19:15:00;0
61052;61052;INCIDENTE;SÃO PAULO;SP;SBSP;28/04/2016;23:13:00;0
61073;61073;ACIDENTE;CAMPOS DOS GOYTACAZES;RJ;****;28/04/2016;13:30:00;0
61080;61080;INCIDENTE;BRASÍLIA;DF;SBBR;28/04/2016;18:48:00;0
65186;65186;ACIDENTE;GUAPÉ;MG;****;30/04/2016;18:00:00;0
61053;61053;ACIDENTE;VIAMÃO;RS;****;01/05/2016;16:15:00;0
61079;61079;ACIDENTE;PONTA GROSSA;PR;SBPG;01/05/2016;19:15:00;0
61071;61071;ACIDENTE;SANTOS;SP;****;02/05/2016;15:12:00;0
65180;65180;INCIDENTE;PORTO ALEGRE;RS;SBPA;04/05/2016;02:40:00;0
61075;61075;INCIDENTE;CAJAMAR;SP;****;05/05/2016;19:00:00;0
65190;65190;INCIDENTE;FLORIANÓPOLIS;SC;SBFL;06/05/2016;20:24:00;0
65185;65185;INCIDENTE;RECIFE;PE;SBRF;10/05/2016;11:24:00;0
65198;65198;INCIDENTE GRAVE;CACOAL;RO;SSKW;13/05/2016;19:19:00;7
65202;65202;INCIDENTE;UBERLÂNDIA;MG;SBUL;13/05/2016;12:20:00;0
65203;65203;INCIDENTE GRAVE;CAMPINAS;SP;SDAM;14/05/2016;12:30:00;0
65229;65229;INCIDENTE;PORTO ALEGRE;RS;SBPA;15/05/2016;15:30:00;0
65210;65210;ACIDENTE;AVARÉ;SP;****;16/05/2016;15:00:00;0
65218;65218;ACIDENTE;UNAÍ;MG;****;17/05/2016;11:30:00;1
65259;65259;ACIDENTE;IMBUIA;SC;****;23/05/2016;13:00:00;0
65244;65244;ACIDENTE;GOIANÁ;MG;****;26/05/2016;18:10:00;3
65272;65272;INCIDENTE;FORTALEZA;CE;SBFZ;26/05/2016;14:20:00;0
66342;66342;INCIDENTE;ANÁPOLIS;GO;SWNS;27/05/2016;18:00:00;0
65255;65255;ACIDENTE;CORUMBAÍBA;GO;****;29/05/2016;16:30:00;0
65270;65270;INCIDENTE GRAVE;CAMPO MAGRO;PR;****;02/06/2016;14:15:00;2
65262;65262;INCIDENTE;CAMPO GRANDE;MS;SBCG;03/06/2016;18:20:00;0
65290;65290;INCIDENTE;VOLTA REDONDA;RJ;****;03/06/2016;13:00:00;0
65275;65275;INCIDENTE;FLORIANÓPOLIS;SC;SBFL;04/06/2016;13:00:00;0
65288;65288;INCIDENTE;IMPERATRIZ;MA;SBIZ;06/06/2016;15:55:00;0
65293;65293;INCIDENTE GRAVE;JUAZEIRO DO NORTE;CE;SBJU;06/06/2016;07:10:00;0
65289;65289;INCIDENTE GRAVE;MARABÁ;PA;SBMA;07/06/2016;12:53:00;0
65292;65292;ACIDENTE;FLORIANÓPOLIS;SC;SSKT;11/06/2016;16:37:00;2
65330;65330;INCIDENTE GRAVE;SANTO ANTÔNIO DO LEVERGER;MT;SWLV;12/06/2016;15:00:00;0
65367;65367;ACIDENTE;MARÍLIA;SP;****;12/06/2016;14:35:00;0
65318;65318;INCIDENTE GRAVE;PIRAPORA;MG;SNPX;13/06/2016;11:05:00;4
65324;65324;INCIDENTE;BRASÍLIA;DF;****;13/06/2016;20:30:00;0
65321;65321;ACIDENTE;JI-PARANÁ;RO;****;21/06/2016;10:30:00;0
65372;65372;INCIDENTE;RIO DE JANEIRO;RJ;SBGL;21/06/2016;20:40:00;0
65459;65459;INCIDENTE;RIO DE JANEIRO;RJ;SBJR;23/06/2016;10:32:00;0
65359;65359;INCIDENTE GRAVE;PIRACICABA;SP;SDPW;25/06/2016;13:59:00;2
65337;65337;ACIDENTE;LONDRINA;PR;SBLO;26/06/2016;20:10:00;0
65360;65360;ACIDENTE;JUNDIAÍ;SP;****;26/06/2016;11:10:00;2
65358;65358;INCIDENTE;FORTALEZA;CE;SBFZ;28/06/2016;17:00:00;0
65399;65399;INCIDENTE;NAVEGANTES;SC;SBNF;29/06/2016;16:58:00;0
65380;65380;INCIDENTE GRAVE;BRAGANÇA PAULISTA;SP;SBBP;30/06/2016;15:25:00;0
65383;65383;ACIDENTE;BELÉM;PA;****;02/07/2016;16:25:00;0
65389;65389;INCIDENTE;SALVADOR;BA;SBSV;02/07/2016;15:10:00;0
65392;65392;INCIDENTE;JUIZ DE FORA;MG;SBJF;04/07/2016;17:32:00;0
65418;65418;INCIDENTE;BELÉM;PA;SBJC;05/07/2016;12:40:00;0
65394;65394;ACIDENTE;PARÁ DE MINAS;MG;****;06/07/2016;16:00:00;0
65397;65397;ACIDENTE;APUÍ;AM;****;07/07/2016;19:00:00;0
65424;65424;ACIDENTE;SÃO JOSÉ DO XINGU;MT;****;07/07/2016;13:00:00;0
65414;65414;INCIDENTE GRAVE;NOVA LIMA;MG;SJLY;08/07/2016;19:50:00;1
65421;65421;ACIDENTE;BOTUCATU;SP;****;08/07/2016;20:20:00;0
65413;65413;ACIDENTE;CURVELO;MG;SNQV;10/07/2016;16:00:00;0
65412;65412;INCIDENTE GRAVE;CAMPO GRANDE;MS;SBCG;12/07/2016;17:24:00;2
65422;65422;INCIDENTE;BARRETOS;SP;SNBA;12/07/2016;17:00:00;0
65420;65420;INCIDENTE;RIO DE JANEIRO;RJ;SBRJ;14/07/2016;12:06:00;0
65425;65425;ACIDENTE;CAJATI;SP;****;17/07/2016;15:00:00;2
65426;65426;INCIDENTE;JUAZEIRO DO NORTE;CE;SBJU;17/07/2016;17:16:00;0
65445;65445;ACIDENTE;SANTARÉM;PA;SNSH;19/07/2016;15:30:00;0
65446;65446;INCIDENTE;CURITIBA;PR;SBBI;20/07/2016;14:23:00;0
65441;65441;INCIDENTE GRAVE;CURITIBA;PR;SBBI;21/07/2016;16:55:00;0
65443;65443;INCIDENTE GRAVE;URANDI;BA;****;23/07/2016;15:30:00;0
65460;65460;INCIDENTE;JAGUARUNA;SC;SBJA;23/07/2016;13:30:00;0
65492;65492;INCIDENTE;NOVO SÃO JOAQUIM;MT;SDZX;24/07/2016;09:00:00;0
65491;65491;INCIDENTE;NOVO SÃO JOAQUIM;MT;****;25/07/2016;15:00:00;0
65450;65450;INCIDENTE;SÃO PAULO;SP;SBGR;26/07/2016;19:40:00;0
65461;65461;INCIDENTE;SÃO GONÇALO DO AMARANTE;RN;SBSG;28/07/2016;17:02:00;0
65471;65471;ACIDENTE;RIO DE JANEIRO;RJ;SDPG;29/07/2016;19:05:00;0
65469;65469;ACIDENTE;PIRACICABA;SP;SDPW;31/07/2016;15:00:00;1
65483;65483;INCIDENTE;JUAZEIRO DO NORTE;CE;SBJU;31/07/2016;11:52:00;0
65490;65490;ACIDENTE;LONDRINA;PR;SBLO;31/07/2016;23:57:00;0
65494;65494;INCIDENTE;UBERLÂNDIA;MG;SBUL;31/07/2016;01:40:00;0
65496;65496;INCIDENTE;MARABÁ;PA;SBMA;02/08/2016;20:12:00;0
65507;65507;INCIDENTE;VALENÇA DO PIAUÍ;PI;****;02/08/2016;16:30:00;0
65493;65493;ACIDENTE;LÁBREA;AM;SWLB;03/08/2016;19:40:00;2
65487;65487;INCIDENTE;CAMPO GRANDE;MS;SBCG;04/08/2016;12:07:00;0
65543;65543;INCIDENTE;MACAÉ;RJ;9PAA;05/08/2016;18:00:00;0
65546;65546;ACIDENTE;NAZÁRIO;GO;****;10/08/2016;20:20:00;0
65509;65509;INCIDENTE GRAVE;JANUÁRIA;MG;SNJN;11/08/2016;19:00:00;0
65519;65519;INCIDENTE;MACAÉ;RJ;SBME;11/08/2016;17:47:00;0
65512;65512;INCIDENTE;LONDRINA;PR;SBLO;12/08/2016;14:30:00;0
65518;65518;INCIDENTE;FORTALEZA;CE;SBFZ;12/08/2016;15:03:00;0
65528;65528;INCIDENTE;LONDRINA;PR;SBLO;12/08/2016;12:30:00;0
65516;65516;INCIDENTE;CURITIBA;PR;SBCT;15/08/2016;15:21:00;0
65530;65530;INCIDENTE;SÃO PAULO;SP;SBSP;15/08/2016;18:35:00;0
65536;65536;INCIDENTE GRAVE;MANAUS;AM;SWFN;21/08/2016;13:00:00;1
65548;65548;ACIDENTE;SANTO ANTÔNIO DO LEVERGER;MT;SWLV;21/08/2016;15:00:00;1
65545;65545;INCIDENTE;LONDRINA;PR;SBLO;23/08/2016;12:10:00;0
65563;65563;ACIDENTE;LAGES;SC;SBLJ;23/08/2016;15:15:00;0
65572;65572;INCIDENTE;GOIÂNIA;GO;SBGO;25/08/2016;00:00:00;0
65569;65569;ACIDENTE;SÃO JOSÉ DOS CAMPOS;SP;SBSJ;27/08/2016;12:30:00;3
65693;65693;INCIDENTE;GUARULHOS;SP;SBGR;27/08/2016;13:53:00;0
65575;65575;INCIDENTE GRAVE;RIO DE JANEIRO;RJ;****;28/08/2016;20:44:00;0
65633;65633;INCIDENTE GRAVE;NOVA LIMA;MG;****;31/08/2016;17:40:00;0
65589;65589;INCIDENTE;SÃO PAULO;SP;SBSP;01/09/2016;13:26:00;0
65627;65627;ACIDENTE;ALTO PARANÁ;PR;****;01/09/2016;14:30:00;0
65632;65632;ACIDENTE;SORRISO;MT;SSQI;01/09/2016;19:05:00;0
65736;65736;INCIDENTE;ANÁPOLIS;GO;SWNS;06/09/2016;20:30:00;0
65660;65660;INCIDENTE;JOINVILLE;SC;SBJV;07/09/2016;16:36:00;0
65622;65622;ACIDENTE;CRUZ ALTA;RS;SSAK;08/09/2016;13:00:00;0
65623;65623;INCIDENTE;SÃO PAULO;SP;SBMT;08/09/2016;18:02:00;0
65653;65653;ACIDENTE;ANGRA DOS REIS;RJ;SDAG;10/09/2016;14:10:00;0
65659;65659;INCIDENTE;BARBACENA;MG;SBBQ;12/09/2016;12:46:00;0
65662;65662;INCIDENTE;CURITIBA;PR;SBCT;13/09/2016;17:00:00;0
65674;65674;INCIDENTE;BRASÍLIA;DF;SBBR;13/09/2016;23:00:00;0
65684;65684;INCIDENTE;CUIABÁ;MT;SBCY;14/09/2016;21:20:00;0
65679;65679;INCIDENTE;JUNDIAÍ;SP;SBJD;15/09/2016;14:05:00;0
65713;65713;ACIDENTE;NOVO PROGRESSO;PA;****;15/09/2016;20:40:00;0
65694;65694;ACIDENTE;ANAMÃ;AM;****;16/09/2016;19:00:00;0
65714;65714;ACIDENTE;NOVO PROGRESSO;PA;SJNP;16/09/2016;09:55:00;0
65722;65722;ACIDENTE;CONTAGEM;MG;****;16/09/2016;22:20:00;0
65724;65724;INCIDENTE;CASCAVEL;PR;SBCA;16/09/2016;01:50:00;0
65765;65765;INCIDENTE;ARACRUZ;ES;SIFV;16/09/2016;02:30:00;0
65717;65717;ACIDENTE;MARAÚ;BA;SIRI;17/09/2016;11:45:00;2
65695;65695;INCIDENTE;GUARULHOS;SP;SBGR;18/09/2016;02:37:00;0
65716;65716;ACIDENTE;VOTUPORANGA;SP;SDVG;18/09/2016;19:45:00;0
65715;65715;INCIDENTE;OURO BRANCO;MG;****;19/09/2016;18:20:00;0
65750;65750;ACIDENTE;MIRANDA;MS;****;19/09/2016;20:50:00;0
65758;65758;INCIDENTE;BRASÍLIA;DF;****;19/09/2016;18:30:00;0
65754;65754;ACIDENTE;SÃO JOSÉ DO RIO PRETO;SP;****;21/09/2016;14:15:00;2
65774;65774;ACIDENTE;CAMPINÁPOLIS;MT;****;22/09/2016;22:10:00;0
65741;65741;INCIDENTE;GUARULHOS;SP;SBGR;23/09/2016;23:13:00;0
65771;65771;ACIDENTE;PONTA GROSSA;PR;SBPG;23/09/2016;14:25:00;1
65743;65743;ACIDENTE;MARINGÁ;PR;SBMG;24/09/2016;20:16:00;0
65749;65749;INCIDENTE GRAVE;BRAGANÇA PAULISTA;SP;SDVH;24/09/2016;13:35:00;0
65757;65757;INCIDENTE;LONDRINA;PR;SBLO;24/09/2016;18:00:00;0
65795;65795;ACIDENTE;ELDORADO DO SUL;RS;SIXE;24/09/2016;15:30:00;0
65745;65745;ACIDENTE;CURITIBA;PR;SBBI;26/09/2016;18:07:00;3
65766;65766;INCIDENTE;CAMPO GRANDE;MS;SBCG;28/09/2016;21:08:00;0
65770;65770;INCIDENTE;SÃO PAULO;SP;****;28/09/2016;15:06:00;0
65768;65768;INCIDENTE;BRAGANÇA PAULISTA;SP;SBBP;29/09/2016;13:05:00;0
65797;65797;INCIDENTE;PORTO ALEGRE;RS;SBPA;05/10/2016;08:56:00;0
65794;65794;ACIDENTE;PIRACANJUBA;GO;****;07/10/2016;18:00:00;0
65929;65929;ACIDENTE;IPIRANGA DO NORTE;MT;****;07/10/2016;18:00:00;0
65799;65799;ACIDENTE;SOCORRO;SP;####;08/10/2016;13:00:00;0
65800;65800;INCIDENTE;SALVADOR;BA;SBSV;08/10/2016;16:18:00;0
65808;65808;ACIDENTE;JUQUIÁ;SP;****;08/10/2016;12:18:00;1
65840;65840;INCIDENTE;CAMPO GRANDE;MS;SSKG;10/10/2016;13:10:00;0
65809;65809;ACIDENTE;MOGI MIRIM;SP;SDMJ;11/10/2016;16:15:00;0
65810;65810;ACIDENTE;ALEGRETE;RS;****;11/10/2016;18:29:00;1
65813;65813;ACIDENTE;CARACARAÍ;RR;****;12/10/2016;20:30:00;1
65818;65818;INCIDENTE;FOZ DO IGUAÇU;PR;SBFI;12/10/2016;16:08:00;0
65820;65820;INCIDENTE;TAUBATÉ;SP;SBTA;12/10/2016;16:30:00;0
65865;65865;INCIDENTE;RIBEIRÃO PRETO;SP;SBRP;12/10/2016;02:50:00;0
65815;65815;ACIDENTE;CANELA;RS;SSCN;13/10/2016;15:15:00;0
65854;65854;INCIDENTE;SÃO PAULO;SP;SBMT;13/10/2016;18:47:00;0
65827;65827;INCIDENTE;MANAUS;AM;SBEG;14/10/2016;13:30:00;0
65844;65844;INCIDENTE;GUARULHOS;SP;SBGR;15/10/2016;02:10:00;0
65825;65825;ACIDENTE;NOVA ODESSA;SP;SIQK;16/10/2016;20:00:00;0
65824;65824;INCIDENTE;FORTALEZA;CE;SBFZ;17/10/2016;20:30:00;0
65843;65843;INCIDENTE GRAVE;BRAGANÇA PAULISTA;SP;SDVH;17/10/2016;19:30:00;0
65839;65839;ACIDENTE;SANTA VITÓRIA DO PALMAR;RS;****;18/10/2016;18:00:00;0
65864;65864;INCIDENTE;LONDRINA;PR;SBLO;19/10/2016;15:20:00;0
65834;65834;ACIDENTE;IBIRÁ;SP;****;20/10/2016;11:00:00;0
65876;65876;INCIDENTE;PORTO ALEGRE;RS;SBPA;20/10/2016;09:42:00;0
65835;65835;ACIDENTE;RECIFE;PE;SBRF;21/10/2016;09:30:00;0
65863;65863;ACIDENTE;BENEVIDES;PA;****;23/10/2016;10:30:00;0
65866;65866;INCIDENTE;FLORIANÓPOLIS;SC;****;23/10/2016;13:30:00;0
66051;66051;ACIDENTE;VALE VERDE;RS;****;23/10/2016;12:30:00;0
65867;65867;ACIDENTE;ARAMBARÉ;RS;****;24/10/2016;18:30:00;0
65878;65878;INCIDENTE;CAMPINAS;SP;SBKP;25/10/2016;10:40:00;0
65893;65893;ACIDENTE;ESPUMOSO;RS;****;25/10/2016;12:50:00;0
65892;65892;ACIDENTE;CORIBE;BA;###!;26/10/2016;17:50:00;0
65920;65920;INCIDENTE;JOÃO PESSOA;PB;SBJP;26/10/2016;22:07:00;0
65890;65890;INCIDENTE;GUARULHOS;SP;SBGR;27/10/2016;13:40:00;0
65923;65923;ACIDENTE;NOVA GRANADA;SP;SING;27/10/2016;09:30:00;4
65916;65916;INCIDENTE;CAMPINAS;SP;SBKP;28/10/2016;19:50:00;0
65934;65934;ACIDENTE;JATAÍ;GO;SWJW;28/10/2016;18:00:00;0
66037;66037;INCIDENTE;SÃO PAULO;SP;SBMT;28/10/2016;19:53:00;0
65921;65921;ACIDENTE;BLUMENAU;SC;SSBL;29/10/2016;18:30:00;0
65922;65922;INCIDENTE;MACAÉ;RJ;****;30/10/2016;15:59:00;0
65931;65931;INCIDENTE;LONDRINA;PR;SBLO;01/11/2016;13:10:00;0
65972;65972;INCIDENTE;LONDRINA;PR;****;01/11/2016;14:51:00;0
65963;65963;INCIDENTE;SALVADOR;BA;SBSV;03/11/2016;23:53:00;0
65936;65936;INCIDENTE;SÃO JOSÉ DOS CAMPOS;SP;SBSJ;04/11/2016;21:55:00;0
65994;65994;INCIDENTE;SÃO PAULO;SP;SBMT;06/11/2016;16:06:00;0
65953;65953;INCIDENTE;JUNDIAÍ;SP;SBJD;07/11/2016;11:30:00;0
65978;65978;INCIDENTE;UBERLÂNDIA;MG;SBUL;07/11/2016;19:48:00;0
65980;65980;ACIDENTE;ALTO PARAÍSO DE GOIÁS;GO;****;08/11/2016;16:00:00;0
65981;65981;INCIDENTE GRAVE;RIO NEGRINHO;SC;****;08/11/2016;16:15:00;1
65974;65974;INCIDENTE;UBATUBA;SP;SDUB;09/11/2016;14:35:00;0
65990;65990;INCIDENTE;CAMPINAS;SP;SBKP;10/11/2016;20:40:00;0
65982;65982;ACIDENTE;SANTO AMARO DA IMPERATRIZ;SC;****;11/11/2016;13:00:00;1
65984;65984;INCIDENTE;BELO HORIZONTE;MG;SBPR;11/11/2016;15:28:00;0
66005;66005;ACIDENTE;CAMPO GRANDE;MS;SSKG;14/11/2016;14:00:00;0
66048;66048;ACIDENTE;TRIUNFO;RS;****;14/11/2016;14:30:00;0
65998;65998;INCIDENTE;RECIFE;PE;SBRF;16/11/2016;20:10:00;0
66007;66007;INCIDENTE;CURITIBA;PR;SBCT;16/11/2016;09:15:00;0
66036;66036;INCIDENTE;JOAÇABA;SC;SSJA;17/11/2016;16:37:00;0
66082;66082;INCIDENTE;ANDRADINA;SP;SDDN;17/11/2016;18:00:00;0
66019;66019;ACIDENTE;SANTA FÉ DO SUL;SP;SILT;18/11/2016;13:30:00;0
66021;66021;INCIDENTE;LONDRINA;PR;SBLO;18/11/2016;11:55:00;0
66022;66022;ACIDENTE;RIO DE JANEIRO;RJ;****;19/11/2016;21:20:00;0
66034;66034;ACIDENTE;SÃO SEBASTIÃO DO PARAÍSO;MG;****;19/11/2016;15:15:00;0
66020;66020;INCIDENTE;JUNDIAÍ;SP;SBJD;20/11/2016;18:00:00;0
66039;66039;INCIDENTE;PORTO SEGURO;BA;SBPS;23/11/2016;21:24:00;0
66049;66049;ACIDENTE;TAPERA;RS;****;24/11/2016;10:10:00;2
66050;66050;INCIDENTE GRAVE;SÃO JOSÉ DOS CAMPOS;SP;SBSJ;28/11/2016;16:07:00;0
66064;66064;INCIDENTE;BRASÍLIA;DF;SBBR;29/11/2016;19:40:00;0
66065;66065;ACIDENTE;LAJEADO GRANDE;SC;****;29/11/2016;18:40:00;4
66081;66081;INCIDENTE;SÃO PAULO;SP;SBMT;01/12/2016;14:45:00;0
66073;66073;INCIDENTE;FORTALEZA;CE;SBFZ;02/12/2016;19:30:00;0
66083;66083;INCIDENTE GRAVE;BRAGANÇA PAULISTA;SP;SBBP;02/12/2016;20:46:00;0
66076;66076;INCIDENTE GRAVE;CARUARU;PE;****;03/12/2016;10:25:00;1
66066;66066;ACIDENTE;SANTA VITÓRIA DO PALMAR;RS;###!;04/12/2016;12:00:00;0
66075;66075;INCIDENTE;PATO BRANCO;PR;SSPB;04/12/2016;18:23:00;0
66078;66078;ACIDENTE;SÃO LOURENÇO DA SERRA;SP;****;04/12/2016;18:30:00;2
66430;66430;INCIDENTE;SÃO PAULO;SP;SBSP;04/12/2016;11:54:00;0
66084;66084;ACIDENTE;CRUZ MACHADO;PR;****;05/12/2016;14:15:00;0
66086;66086;ACIDENTE;MANAUS;AM;****;07/12/2016;11:50:00;2
66088;66088;INCIDENTE;SOROCABA;SP;SDCO;07/12/2016;15:43:00;0
66089;66089;INCIDENTE;GUARULHOS;SP;SBGR;07/12/2016;20:45:00;0
66090;66090;INCIDENTE GRAVE;BRAGANÇA PAULISTA;SP;SBBP;07/12/2016;19:10:00;1
66121;66121;INCIDENTE;GOIÂNIA;GO;SBNV;07/12/2016;10:30:00;0
66127;66127;INCIDENTE GRAVE;GOIÂNIA;GO;SBNV;08/12/2016;12:30:00;0
66210;66210;INCIDENTE GRAVE;TAPES;RS;****;08/12/2016;10:30:00;0
66093;66093;ACIDENTE;ITAITUBA;PA;SNYR;09/12/2016;18:30:00;1
66094;66094;INCIDENTE GRAVE;ERECHIM;RS;****;10/12/2016;14:30:00;1
66100;66100;ACIDENTE;NOVO HORIZONTE;SP;SDNH;10/12/2016;22:20:00;0
66109;66109;INCIDENTE;PORTO ALEGRE;RS;SBPA;12/12/2016;09:34:00;0
66128;66128;ACIDENTE;PRIMAVERA DO LESTE;MT;****;13/12/2016;19:30:00;0
66145;66145;INCIDENTE;CAMPOS DOS GOYTACAZES;RJ;SBCP;14/12/2016;16:05:00;0
66129;66129;INCIDENTE;SÃO JOSÉ DOS CAMPOS;SP;SBSJ;15/12/2016;13:30:00;0
66131;66131;ACIDENTE;SANTA VITÓRIA DO PALMAR;RS;****;15/12/2016;18:40:00;3
66140;66140;INCIDENTE;LONDRINA;PR;SBLO;15/12/2016;13:05:00;0
66160;66160;ACIDENTE;SANTA HELENA DE GOIÁS;GO;****;15/12/2016;21:07:00;1
66273;66273;INCIDENTE;JUNDIAÍ;SP;SBJD;15/12/2016;14:20:00;0
66155;66155;INCIDENTE;SÃO PAULO;SP;SBMT;19/12/2016;09:48:00;0
66156;66156;ACIDENTE;TABATINGA;AM;****;23/12/2016;17:30:00;2
66158;66158;INCIDENTE;SÃO PAULO;SP;SBMT;23/12/2016;14:57:00;0
66159;66159;ACIDENTE;NOVO HORIZONTE;SP;****;23/12/2016;10:00:00;0
66197;66197;INCIDENTE;PETROLINA;PE;SBPL;26/12/2016;09:15:00;0
66192;66192;ACIDENTE;MARAÚ;BA;SIRI;27/12/2016;19:00:00;1
66221;66221;ACIDENTE;GUARAPARI;ES;SNGA;28/12/2016;19:00:00;1
66695;66695;INCIDENTE;LUZIÂNIA;GO;SWUZ;28/12/2016;17:00:00;0
66759;66759;INCIDENTE;BARRO ALTO;GO;****;30/12/2016;20:30:00;0
66198;66198;ACIDENTE;CORINTO;MG;****;31/12/2016;17:00:00;0
66204;66204;ACIDENTE;URUGUAIANA;RS;****;31/12/2016;20:00:00;1
66199;66199;INCIDENTE;RIO DE JANEIRO;RJ;****;03/01/2017;12:30:00;0
66203;66203;ACIDENTE;PALMARES DO SUL;RS;****;03/01/2017;13:00:00;1
66223;66223;ACIDENTE;MONTIVIDIU;GO;####;04/01/2017;14:00:00;1
66215;66215;ACIDENTE;GUARAPUAVA;PR;****;05/01/2017;12:30:00;1
66222;66222;INCIDENTE GRAVE;TAPES;RS;****;05/01/2017;19:40:00;0
66244;66244;ACIDENTE;TANGARÁ DA SERRA;MT;SDVI;05/01/2017;14:20:00;0
66247;66247;ACIDENTE;URUGUAIANA;RS;****;06/01/2017;12:30:00;1
66216;66216;INCIDENTE GRAVE;RIO BRILHANTE;MS;****;07/01/2017;12:30:00;1
66250;66250;INCIDENTE;CURITIBA;PR;SBCT;10/01/2017;18:16:00;0
66253;66253;ACIDENTE;RIO GRANDE;RS;****;11/01/2017;10:50:00;1
66261;66261;INCIDENTE;SÃO LOURENÇO;MG;SNLO;12/01/2017;12:50:00;0
66265;66265;ACIDENTE;BURITAMA;SP;****;13/01/2017;16:00:00;0
66271;66271;INCIDENTE;SÃO JOSÉ DOS CAMPOS;SP;SBSJ;13/01/2017;14:45:00;0
66262;66262;ACIDENTE;SANTANA DO ARAGUAIA;PA;****;14/01/2017;13:00:00;0
66270;66270;INCIDENTE;RIBEIRÃO PRETO;SP;SBRP;14/01/2017;15:06:00;0
66274;66274;ACIDENTE;QUERÊNCIA DO NORTE;PR;****;14/01/2017;19:00:00;0
66272;66272;ACIDENTE;MOGI MIRIM;SP;SDMJ;15/01/2017;11:00:00;0
66263;66263;INCIDENTE;SÃO PAULO;SP;SBMT;16/01/2017;12:30:00;0
66282;66282;ACIDENTE;MONTE DO CARMO;TO;****;17/01/2017;10:00:00;0
66278;66278;ACIDENTE;CAMOCIM;CE;****;18/01/2017;09:45:00;0
66281;66281;INCIDENTE;ARACAJU;SE;SBAR;18/01/2017;11:43:00;0
66301;66301;INCIDENTE;GUARULHOS;SP;SBGR;18/01/2017;15:47:00;0
66287;66287;INCIDENTE;ITUPEVA;SP;SBJD;19/01/2017;15:20:00;0
66309;66309;ACIDENTE;PARATY;RJ;SDTK;19/01/2017;15:30:00;2
66290;66290;ACIDENTE;NOVO PROGRESSO;PA;****;20/01/2017;16:24:00;0
66298;66298;INCIDENTE;RIO DE JANEIRO;RJ;SBJR;20/01/2017;10:04:00;0
66300;66300;INCIDENTE;BRASÍLIA;DF;SBBR;22/01/2017;01:30:00;0
66310;66310;ACIDENTE;CAPITÓLIO;MG;****;22/01/2017;18:00:00;0
66349;66349;ACIDENTE;CAÇU;GO;****;24/01/2017;19:45:00;1
66329;66329;INCIDENTE;VITÓRIA;ES;SBVT;26/01/2017;13:00:00;0
66321;66321;INCIDENTE;MACAÉ;RJ;SBME;28/01/2017;14:19:00;0
66323;66323;INCIDENTE GRAVE;SALVADOR;BA;SBSV;28/01/2017;13:58:00;0
66324;66324;ACIDENTE;SOCORRO;SP;****;28/01/2017;12:50:00;0
66325;66325;INCIDENTE;FOZ DO IGUAÇU;PR;SBFI;30/01/2017;17:15:00;0
66332;66332;ACIDENTE;GUAÍBA;RS;****;01/02/2017;11:50:00;2
66333;66333;ACIDENTE;SERTANÓPOLIS;PR;SSSZ;03/02/2017;07:20:00;0
66368;66368;INCIDENTE;BELÉM;PA;SBJC;03/02/2017;15:12:00;0
66385;66385;INCIDENTE;CURITIBA;PR;SBCT;03/02/2017;14:13:00;0
66335;66335;ACIDENTE;SÃO SEPÉ;RS;****;04/02/2017;11:20:00;1
66350;66350;INCIDENTE GRAVE;REDENÇÃO;PA;SNDC;04/02/2017;09:30:00;2
66352;66352;ACIDENTE;RESTINGA SECA;RS;****;04/02/2017;20:30:00;1
66362;66362;ACIDENTE;SÃO DESIDÉRIO;BA;****;04/02/2017;13:30:00;0
66409;66409;INCIDENTE;BARRA VELHA;SC;****;04/02/2017;11:41:00;0
66378;66378;ACIDENTE;ITAITUBA;PA;SNMD;05/02/2017;00:00:00;0
66334;66334;ACIDENTE;IPUÃ;SP;****;06/02/2017;09:00:00;1
66382;66382;INCIDENTE;RIO DE JANEIRO;RJ;****;07/02/2017;11:30:00;0
66394;66394;ACIDENTE;CARAVELAS;BA;SJNQ;08/02/2017;12:50:00;1
66395;66395;INCIDENTE GRAVE;GUARULHOS;SP;SBBR;09/02/2017;00:11:00;0
66397;66397;ACIDENTE;SANTARÉM;PA;****;09/02/2017;19:40:00;0
66405;66405;INCIDENTE;SÃO PAULO;SP;SDIH;10/02/2017;13:39:00;0
66406;66406;ACIDENTE;BOTUCATU;SP;****;11/02/2017;20:00:00;0
66437;66437;INCIDENTE;BELO HORIZONTE;MG;SBBH;11/02/2017;16:00:00;0
66414;66414;INCIDENTE;COLATINA;ES;SNCX;13/02/2017;12:30:00;0
66412;66412;INCIDENTE;NORTELÂNDIA;MT;SWRZ;15/02/2017;12:32:00;0
66434;66434;INCIDENTE;GUARULHOS;SP;SBGR;15/02/2017;20:00:00;0
66431;66431;ACIDENTE;SÃO FÉLIX DO XINGU;PA;****;16/02/2017;15:00:00;3
66417;66417;ACIDENTE;BOCA DO ACRE;AM;****;17/02/2017;13:35:00;0
66427;66427;INCIDENTE;LAPA;PR;****;18/02/2017;10:30:00;0
66446;66446;ACIDENTE;POXORÉO;MT;****;18/02/2017;16:00:00;0
66440;66440;INCIDENTE;BRAGANÇA PAULISTA;SP;SBBP;20/02/2017;21:40:00;0
66432;66432;INCIDENTE GRAVE;VITÓRIA;ES;****;21/02/2017;11:47:00;12
66443;66443;INCIDENTE;MACAÉ;RJ;****;22/02/2017;11:20:00;0
66444;66444;INCIDENTE GRAVE;SÃO PAULO;SP;SBSP;22/02/2017;21:48:00;1
66445;66445;INCIDENTE;ARARAQUARA;SP;SBAQ;22/02/2017;10:30:00;0
66449;66449;ACIDENTE;NOVO HAMBURGO;RS;SSNH;22/02/2017;19:20:00;0
66450;66450;INCIDENTE GRAVE;FLORIANÓPOLIS;SC;SBFL;22/02/2017;21:50:00;3
66549;66549;ACIDENTE;PEDRO OSÓRIO;RS;****;22/02/2017;12:30:00;0
66451;66451;ACIDENTE;GARUVA;SC;****;23/02/2017;10:30:00;0
66454;66454;INCIDENTE;GUARULHOS;SP;SBGR;23/02/2017;10:17:00;0
66455;66455;INCIDENTE;MACEIÓ;AL;SBMO;27/02/2017;01:56:00;0
66500;66500;INCIDENTE;SINOP;MT;SWSI;27/02/2017;19:10:00;0
66457;66457;ACIDENTE;CAMPOS DOS GOYTACAZES;RJ;9PFC;01/03/2017;17:08:00;0
66514;66514;INCIDENTE GRAVE;CUIABÁ;MT;SBCY;02/03/2017;16:09:00;0
66477;66477;INCIDENTE;SÃO PAULO;SP;SBSP;03/03/2017;00:03:00;0
66489;66489;ACIDENTE;PEDRO OSÓRIO;RS;****;06/03/2017;15:05:00;0
66508;66508;INCIDENTE;PORTO ALEGRE;RS;SBPA;06/03/2017;01:03:00;0
66503;66503;ACIDENTE;VILA PROPÍCIO;GO;****;07/03/2017;13:09:00;3
66509;66509;INCIDENTE;FLORIANÓPOLIS;SC;SBFL;10/03/2017;20:00:00;0
66510;66510;INCIDENTE;SALVADOR;BA;SBSV;11/03/2017;10:25:00;0
66521;66521;INCIDENTE;CUIABÁ;MT;SBCY;11/03/2017;14:28:35;0
66512;66512;INCIDENTE;RIBEIRÃO PRETO;SP;SBRP;12/03/2017;13:00:00;0
66522;66522;ACIDENTE;ALEGRETE;RS;SSLT;13/03/2017;13:20:00;0
66536;66536;INCIDENTE;PARAUAPEBAS;PA;SBCJ;13/03/2017;12:20:00;0
66607;66607;ACIDENTE;PORTO ALEGRE DO NORTE;MT;SWPQ;13/03/2017;17:30:00;0
66516;66516;INCIDENTE;CAARAPÓ;MS;SIQH;14/03/2017;19:00:00;0
66524;66524;INCIDENTE;ALTAMIRA;PA;SBHT;15/03/2017;18:42:00;0
66555;66555;ACIDENTE;BENTO GONÇALVES;RS;SSBG;15/03/2017;19:36:00;2
66525;66525;INCIDENTE GRAVE;CUIABÁ;MT;SBCY;16/03/2017;21:42:00;0
66527;66527;INCIDENTE GRAVE;CARAUARI;AM;SWCA;17/03/2017;13:25:00;0
66529;66529;ACIDENTE;ARAUCÁRIA;PR;SSSE;17/03/2017;18:07:00;0
66531;66531;ACIDENTE;PORTO ALEGRE;RS;SSBN;18/03/2017;13:00:00;0
66539;66539;INCIDENTE;GUARULHOS;SP;SBGR;18/03/2017;04:17:00;0
66541;66541;INCIDENTE GRAVE;RIO GRANDE;RS;****;18/03/2017;14:00:00;0
66532;66532;INCIDENTE;SANTA MARIA;RS;SBSM;19/03/2017;15:15:00;0
66550;66550;ACIDENTE;COARI;AM;SBUY;20/03/2017;01:25:00;0
66544;66544;INCIDENTE;SÃO PAULO;SP;SBSP;21/03/2017;16:48:00;1
66551;66551;INCIDENTE;PORTO ALEGRE;RS;SBPA;21/03/2017;15:36:00;0
66543;66543;INCIDENTE GRAVE;GUARULHOS;SP;SBGR;22/03/2017;01:35:00;3
66552;66552;INCIDENTE;SÃO PAULO;SP;SBSP;22/03/2017;14:54:00;0
66556;66556;INCIDENTE GRAVE;GOIÂNIA;GO;SBNV;24/03/2017;15:00:00;0
66557;66557;INCIDENTE GRAVE;GOIÂNIA;GO;****;24/03/2017;11:40:00;0
66559;66559;ACIDENTE;ATIBAIA;SP;SDTB;24/03/2017;13:15:00;1
66566;66566;INCIDENTE;CAMPINAS;SP;SBKP;24/03/2017;12:45:00;0
66570;66570;INCIDENTE;CAMPINAS;SP;SBKP;24/03/2017;13:20:00;0
66562;66562;INCIDENTE GRAVE;CAMPO VERDE;MT;SDLZ;25/03/2017;12:30:00;0
66578;66578;INCIDENTE;RECIFE;PE;SBRF;30/03/2017;21:40:00;0
66582;66582;INCIDENTE;CAMPO GRANDE;MS;SBCG;30/03/2017;01:18:00;0
66579;66579;INCIDENTE;BELO HORIZONTE;MG;SBBH;31/03/2017;09:58:00;0
66585;66585;ACIDENTE;SOROCABA;SP;****;31/03/2017;17:45:00;1
66592;66592;INCIDENTE;LONDRINA;PR;SBLO;31/03/2017;15:16:00;0
66595;66595;INCIDENTE;BELO HORIZONTE;MG;SBBH;31/03/2017;19:15:00;0
66609;66609;ACIDENTE;ARAGARÇAS;GO;SJVO;01/04/2017;21:40:00;0
66594;66594;INCIDENTE;CAMPO GRANDE;MS;SBCG;04/04/2017;22:27:00;0
66597;66597;INCIDENTE;JUNDIAÍ;SP;SBJD;05/04/2017;15:00:00;0
66608;66608;INCIDENTE;POUSO ALEGRE;MG;SNZA;05/04/2017;19:52:00;0
66623;66623;INCIDENTE;SÃO PAULO;SP;SBSP;06/04/2017;18:24:00;0
66613;66613;ACIDENTE;RIBEIRO GONÇALVES;PI;****;08/04/2017;20:30:00;0
66616;66616;ACIDENTE;POÇOS DE CALDAS;MG;SBPC;10/04/2017;11:15:00;2
66624;66624;INCIDENTE;GUARULHOS;SP;SBGR;11/04/2017;15:32:00;0
66645;66645;ACIDENTE;PEDRA PRETA;MT;****;11/04/2017;10:30:00;0
66640;66640;ACIDENTE;SANTANA DO LIVRAMENTO;RS;SIXD;12/04/2017;15:30:00;0
66646;66646;ACIDENTE;NITERÓI;RJ;****;12/04/2017;21:25:00;2
66639;66639;ACIDENTE;BANDEIRANTES;PR;SSBR;13/04/2017;13:00:00;0
66655;66655;ACIDENTE;ITAPORÃ;MS;****;13/04/2017;18:00:00;3
66654;66654;ACIDENTE;CASSILÂNDIA;MS;SSCL;14/04/2017;20:45:00;0
66650;66650;ACIDENTE;CABO FRIO;RJ;9PFX;15/04/2017;19:40:00;0
66916;66916;INCIDENTE;GUARULHOS;SP;SBGR;17/04/2017;04:16:00;0
66662;66662;INCIDENTE;SALVADOR;BA;SBSV;20/04/2017;19:37:00;0
66667;66667;ACIDENTE;ITAITUBA;PA;####;21/04/2017;18:00:00;0
66674;66674;ACIDENTE;SÃO JOSÉ DO RIO PARDO;SP;****;21/04/2017;15:00:00;0
66670;66670;INCIDENTE;GUARULHOS;SP;SBGR;22/04/2017;16:38:00;0
66660;66660;ACIDENTE;TANGARÁ DA SERRA;MT;SWIN;23/04/2017;09:45:00;0
66665;66665;ACIDENTE;CACHOEIRA DO SUL;RS;****;23/04/2017;00:00:00;0
66669;66669;ACIDENTE;SÃO JOSÉ;SC;SSKT;23/04/2017;15:05:00;0
66675;66675;ACIDENTE;MARILUZ;PR;####;23/04/2017;10:15:00;0
66723;66723;INCIDENTE;SÃO PAULO;SP;****;25/04/2017;15:30:00;0
66711;66711;INCIDENTE;PORTO ALEGRE;RS;****;26/04/2017;03:17:00;0
66679;66679;INCIDENTE;BRASÍLIA;DF;****;27/04/2017;12:30:00;0
66721;66721;INCIDENTE;PORTO ALEGRE;RS;****;27/04/2017;20:37:00;0
66682;66682;INCIDENTE;SÃO PAULO;SP;****;28/04/2017;10:00:00;0
66685;66685;ACIDENTE;ITAPIRA;SP;****;28/04/2017;19:30:00;0
66697;66697;INCIDENTE;BELO HORIZONTE;MG;SBBH;28/04/2017;14:00:00;0
66684;66684;INCIDENTE;SÃO PAULO;SP;SBSP;29/04/2017;22:45:00;0
66700;66700;INCIDENTE;RIO DE JANEIRO;RJ;SBRJ;01/05/2017;11:52:00;0
66696;66696;INCIDENTE;BELO HORIZONTE;MG;SBBH;02/05/2017;17:40:00;0
66703;66703;INCIDENTE;BELO HORIZONTE;MG;SBBH;04/05/2017;23:05:00;0
66708;66708;INCIDENTE GRAVE;ITAPEVA;SP;****;04/05/2017;12:00:00;0
66725;66725;INCIDENTE;CAMPINAS;SP;SBKP;04/05/2017;17:33:00;0
66730;66730;INCIDENTE;PASSO FUNDO;RS;SBPF;05/05/2017;15:57:00;0
66731;66731;INCIDENTE GRAVE;GOIÂNIA;GO;****;05/05/2017;17:20:00;3
66757;66757;INCIDENTE;SÃO PAULO;SP;SBMT;06/05/2017;15:40:00;0
66771;66771;INCIDENTE;PORTO ALEGRE;RS;SBPA;06/05/2017;15:17:00;0
66707;66707;INCIDENTE;RECIFE;PE;SBRF;08/05/2017;08:35:00;0
66717;66717;INCIDENTE;GUARULHOS;SP;SBGR;08/05/2017;10:12:00;0
66810;66810;ACIDENTE;NOVA MARINGÁ;MT;SNNL;08/05/2017;18:30:00;0
66729;66729;INCIDENTE;FLORIANÓPOLIS;SC;SBFL;09/05/2017;11:02:00;0
66735;66735;INCIDENTE;UBERLÂNDIA;MG;SBUL;09/05/2017;15:10:00;0
66741;66741;INCIDENTE;JOINVILLE;SC;SBJV;09/05/2017;18:38:00;0
66742;66742;ACIDENTE;PARANAVAÍ;PR;SSPI;09/05/2017;20:35:00;0
66739;66739;ACIDENTE;NOVA IGUAÇU;RJ;****;10/05/2017;20:35:00;0
66740;66740;INCIDENTE;PORTO ALEGRE;RS;SBPA;10/05/2017;09:30:00;0
66743;66743;ACIDENTE;GOIANÉSIA DO PARÁ;PA;****;10/05/2017;17:00:00;0
66745;66745;INCIDENTE;SÃO PAULO;SP;SBSP;11/05/2017;14:35:00;0
66746;66746;INCIDENTE GRAVE;UBERLÂNDIA;MG;SBUL;11/05/2017;17:00:00;0
66777;66777;INCIDENTE;FLORIANÓPOLIS;SC;SBFL;11/05/2017;17:56:00;0
66760;66760;INCIDENTE;SÃO JOSÉ DOS CAMPOS;SP;SBSJ;12/05/2017;20:46:00;0
66934;66934;INCIDENTE;PORTO VELHO;RO;SBPV;13/05/2017;04:47:00;0
66758;66758;INCIDENTE;SÃO PAULO;SP;SBMT;15/05/2017;18:36:00;0
78817;78817;INCIDENTE GRAVE;GRAJAÚ;MA;SJAH;15/05/2017;15:50:00;0
66762;66762;INCIDENTE;LONDRINA;PR;SBLO;18/05/2017;17:34:00;0
66766;66766;INCIDENTE;UBERLÂNDIA;MG;SBUL;18/05/2017;22:56:00;0
66769;66769;INCIDENTE;SÃO PAULO;SP;SBGR;20/05/2017;19:35:00;0
66770;66770;INCIDENTE;SÃO PAULO;SP;SBGR;20/05/2017;15:57:00;0
66773;66773;INCIDENTE;RIO DE JANEIRO;RJ;SBGL;20/05/2017;18:30:00;0
66779;66779;ACIDENTE;PARAUAPEBAS;PA;****;21/05/2017;21:00:00;0
66786;66786;ACIDENTE;UIRAMUTÃ;RR;****;21/05/2017;20:30:00;0
66780;66780;INCIDENTE;CAMPO GRANDE;MS;SBCG;23/05/2017;20:10:00;0
66787;66787;INCIDENTE GRAVE;PORTO VELHO;RO;SBPV;23/05/2017;19:30:00;0
66792;66792;INCIDENTE;MANAUS;AM;SWFN;24/05/2017;20:49:00;0
66874;66874;INCIDENTE;BELO HORIZONTE;MG;SBPR;24/05/2017;16:40:00;0
66788;66788;INCIDENTE;SÃO PAULO;SP;SBMT;25/05/2017;19:30:00;0
66791;66791;INCIDENTE;NAVEGANTES;SC;SBNF;25/05/2017;23:25:00;0
66809;66809;INCIDENTE;ITANHAÉM;SP;SDIM;27/05/2017;13:20:00;0
66800;66800;ACIDENTE;COXIM;MS;****;28/05/2017;15:40:00;0
66801;66801;ACIDENTE;MUNDO NOVO;MS;****;28/05/2017;19:00:00;0
66807;66807;INCIDENTE;GUARULHOS;SP;SBGR;31/05/2017;15:09:00;0
66816;66816;ACIDENTE;BOCA DO ACRE;AM;****;02/06/2017;20:30:00;0
66824;66824;INCIDENTE;FLORIANÓPOLIS;SC;SBFL;02/06/2017;01:58:00;0
66826;66826;INCIDENTE GRAVE;OURO;SC;****;02/06/2017;18:30:00;0
66838;66838;INCIDENTE;FLORIANÓPOLIS;SC;****;02/06/2017;15:11:00;0
67010;67010;INCIDENTE;RIO DE JANEIRO;RJ;SBGL;03/06/2017;16:33:00;0
66839;66839;INCIDENTE;CAMPINAS;SP;SBKP;05/06/2017;15:45:00;0
66842;66842;INCIDENTE;BRASÍLIA;DF;****;05/06/2017;18:30:00;0
66844;66844;INCIDENTE;LONDRINA;PR;SBLO;06/06/2017;20:17:00;0
78824;78824;INCIDENTE;CURVELO;MG;*****;06/06/2017;17:20:00;0
66843;66843;ACIDENTE;PARAUAPEBAS;PA;SBCJ;07/06/2017;22:40:00;0
66846;66846;INCIDENTE;CAMPINAS;SP;SBKP;07/06/2017;12:40:00;0
78826;78826;INCIDENTE;PRESIDENTE PRUDENTE;SP;SBDN;07/06/2017;17:38:00;0
66854;66854;INCIDENTE;MACEIÓ;AL;SBMO;08/06/2017;14:18:00;0
66860;66860;INCIDENTE;SÃO PAULO;SP;SBSP;09/06/2017;00:13:00;0
66872;66872;INCIDENTE GRAVE;BELO HORIZONTE;MG;SBPR;09/06/2017;14:12:00;0
66873;66873;INCIDENTE;PALMAS;TO;SBPJ;10/06/2017;13:34:00;0
66879;66879;INCIDENTE;ALTA FLORESTA;MT;SBAT;10/06/2017;20:05:00;0
66866;66866;INCIDENTE;CAMPINAS;SP;SBKP;11/06/2017;04:15:00;0
66878;66878;INCIDENTE;CAXIAS DO SUL;RS;SBCX;11/06/2017;13:30:00;0
66903;66903;INCIDENTE;PALMAS;TO;####;13/06/2017;09:29:00;0
66880;66880;ACIDENTE;CARACARAÍ;RR;SJLU;14/06/2017;18:00:00;0
66891;66891;ACIDENTE;CARACARAÍ;RR;SJLU;14/06/2017;20:20:00;0
66881;66881;INCIDENTE;BELÉM;PA;SBBE;15/06/2017;17:00:00;0
66895;66895;INCIDENTE;BELO HORIZONTE;MG;SBBH;15/06/2017;18:17:00;0
66907;66907;INCIDENTE GRAVE;CANARANA;MT;****;19/06/2017;14:25:00;0
66911;66911;ACIDENTE;BONFIM;RR;SSJL;21/06/2017;21:00:00;0
66922;66922;INCIDENTE;CAMBÉ;PR;****;24/06/2017;20:00:00;0
66924;66924;INCIDENTE;BELO HORIZONTE;MG;SBPR;25/06/2017;19:12:00;0
66925;66925;ACIDENTE;JUSSARA;GO;****;25/06/2017;13:00:00;0
67009;67009;INCIDENTE;CURITIBA;PR;SBCT;26/06/2017;14:08:00;0
66937;66937;INCIDENTE;BAURU;SP;SBBU;28/06/2017;11:35:00;0
66957;66957;INCIDENTE;SÃO VICENTE;SP;****;30/06/2017;11:30:00;0
66991;66991;INCIDENTE;LUZIÂNIA;GO;SWUZ;01/07/2017;20:30:00;0
66953;66953;ACIDENTE;CANTÁ;RR;SWPD;03/07/2017;15:00:00;0
66952;66952;INCIDENTE;BELÉM;PA;SBBE;04/07/2017;15:25:00;0
66962;66962;ACIDENTE;UBATUBA;SP;SDUB;04/07/2017;20:20:00;0
66971;66971;ACIDENTE;RIO DE JANEIRO;RJ;****;05/07/2017;14:20:00;0
66988;66988;INCIDENTE;JOINVILLE;SC;SBJV;07/07/2017;19:05:00;0
66979;66979;ACIDENTE;CAMPO NOVO DO PARECIS;MT;****;08/07/2017;15:00:00;0
66970;66970;INCIDENTE;COROATÁ;MA;****;09/07/2017;11:00:00;0
66972;66972;ACIDENTE;CAMPO MOURÃO;PR;SSKM;09/07/2017;16:15:00;0
66973;66973;INCIDENTE;SÃO PAULO;SP;SBGR;09/07/2017;23:30:00;0
66974;66974;INCIDENTE;TEFÉ;AM;SBTF;09/07/2017;13:45:00;0
66989;66989;INCIDENTE;CURITIBA;PR;SBBI;09/07/2017;17:11:00;0
78823;78823;INCIDENTE;CORUMBÁ;MS;*****;09/07/2017;NULL;0
66977;66977;INCIDENTE GRAVE;LAGES;SC;SBLJ;10/07/2017;17:55:00;1
66980;66980;INCIDENTE;PORTO ALEGRE;RS;SBPA;11/07/2017;03:10:00;0
66987;66987;ACIDENTE;BARRETOS;SP;****;11/07/2017;20:10:00;0
67003;67003;INCIDENTE;FLORIANÓPOLIS;SC;SBFL;13/07/2017;21:15:00;0
67005;67005;INCIDENTE;CURITIBA;PR;SBBI;15/07/2017;15:20:00;0
67047;67047;INCIDENTE;GUARULHOS;SP;SBGR;16/07/2017;03:09:00;0
67008;67008;INCIDENTE;GUARULHOS;SP;SBGR;17/07/2017;14:30:00;0
67011;67011;ACIDENTE;PONTA GROSSA;PR;SBPG;17/07/2017;11:00:00;0
67022;67022;INCIDENTE;CABO FRIO;RJ;****;17/07/2017;18:00:00;0
67028;67028;INCIDENTE;CONFINS;MG;SBCF;17/07/2017;19:00:00;0
67034;67034;INCIDENTE;FORTALEZA;CE;SBFZ;19/07/2017;13:57:00;0
67142;67142;INCIDENTE GRAVE;RIO DE JANEIRO;RJ;SBGL;19/07/2017;11:55:00;0
67058;67058;ACIDENTE;SANTO ANTÔNIO DO LEVERGER;MT;****;20/07/2017;11:09:00;0
67038;67038;INCIDENTE;RIO DE JANEIRO;RJ;****;21/07/2017;13:00:00;0
67040;67040;ACIDENTE;FRANCISCO BELTRÃO;PR;SSFB;21/07/2017;15:40:00;2
67054;67054;ACIDENTE;PARÁ DE MINAS;MG;SNPA;24/07/2017;19:00:00;0
67055;67055;INCIDENTE;LONDRINA;PR;SBLO;24/07/2017;17:00:00;0
67139;67139;INCIDENTE;GOIÂNIA;GO;SBGO;24/07/2017;10:00:00;0
67048;67048;INCIDENTE;CAMPINAS;SP;SBKP;25/07/2017;08:43:00;0
67053;67053;INCIDENTE;FORTALEZA;CE;SBFZ;25/07/2017;12:43:00;0
67078;67078;INCIDENTE;CURITIBA;PR;SBCT;26/07/2017;13:47:00;0
67066;67066;ACIDENTE;COTIA;SP;SDNI;27/07/2017;18:43:00;0
67075;67075;INCIDENTE GRAVE;VENÂNCIO AIRES;RS;****;28/07/2017;17:05:00;0
67068;67068;ACIDENTE;IPERÓ;SP;****;30/07/2017;19:36:00;0
67129;67129;INCIDENTE;NOVO PROGRESSO;PA;****;30/07/2017;14:15:00;0
67077;67077;INCIDENTE;RIO DE JANEIRO;RJ;SBRJ;01/08/2017;04:45:00;0
67086;67086;INCIDENTE;GUARULHOS;SP;SBGR;01/08/2017;22:32:00;0
67100;67100;ACIDENTE;SANTANA DO ARAGUAIA;PA;****;01/08/2017;21:00:00;0
67098;67098;INCIDENTE GRAVE;JUNDIAÍ;SP;SBJD;02/08/2017;21:10:00;0
67096;67096;INCIDENTE;SÃO PAULO;SP;SBMT;03/08/2017;11:30:00;0
67119;67119;INCIDENTE;SÃO JOSÉ DOS PINHAIS;PR;SBCT;03/08/2017;12:43:00;0
67121;67121;INCIDENTE;FORMOSA;GO;SWFR;04/08/2017;14:45:00;0
67101;67101;INCIDENTE;FOZ DO IGUAÇU;PR;SBFI;05/08/2017;15:15:00;0
67114;67114;ACIDENTE;BOCA DO ACRE;AM;SWNK;06/08/2017;21:00:00;0
67118;67118;INCIDENTE GRAVE;TEÓFILO OTONI;MG;SNTO;08/08/2017;12:50:00;0
67127;67127;INCIDENTE;BRASÍLIA;DF;SBBR;08/08/2017;02:16:00;0
67136;67136;INCIDENTE GRAVE;OURILÂNDIA DO NORTE;PA;SDOW;08/08/2017;16:00:00;0
67155;67155;INCIDENTE;CUIABÁ;MT;SBCY;10/08/2017;23:19:00;0
67140;67140;INCIDENTE;RIO BRANCO;AC;SBRB;11/08/2017;02:15:00;0
78821;78821;INCIDENTE;RIO DE JANEIRO;RJ;SBGL;11/08/2017;09:15:00;0
67137;67137;ACIDENTE;LUZIÂNIA;GO;SWUZ;12/08/2017;20:30:00;2
78820;78820;INCIDENTE;CAMPINAS;SP;SDAM;12/08/2017;23:00:00;0
67159;67159;INCIDENTE;VITÓRIA DA CONQUISTA;BA;SBQV;16/08/2017;18:25:00;0
67152;67152;INCIDENTE GRAVE;CAMPOS DOS GOYTACAZES;RJ;****;17/08/2017;12:50:00;1
67158;67158;INCIDENTE;GOIÂNIA;GO;SBGO;17/08/2017;19:35:00;0
67163;67163;INCIDENTE;SÃO PAULO;SP;SBGR;20/08/2017;10:49:00;0
78800;78800;ACIDENTE;PALMAS;TO;SDNB;20/08/2017;20:30:00;0
78816;78816;INCIDENTE GRAVE;CUIABÁ;MT;SBCY;20/08/2017;13:10:00;0
77603;77603;INCIDENTE;RIO DE JANEIRO;RJ;SBGL;21/08/2017;04:09:00;0
77602;77602;ACIDENTE;MANAUS;AM;SWFN;22/08/2017;21:30:00;1
77594;77594;INCIDENTE;UBERLÂNDIA;MG;SBUL;27/08/2017;20:40:00;0
77595;77595;INCIDENTE GRAVE;VILA VELHA;ES;****;27/08/2017;19:00:00;0
77586;77586;INCIDENTE;SÃO PAULO;SP;SBMT;29/08/2017;13:30:00;0
77587;77587;INCIDENTE;RIO DE JANEIRO;RJ;SBGL;29/08/2017;12:49:00;0
77580;77580;INCIDENTE;LENÇÓIS;BA;SBLE;31/08/2017;13:10:00;0
77581;77581;INCIDENTE GRAVE;MONTES CLAROS;MG;****;31/08/2017;20:15:00;0
78822;78822;INCIDENTE;RECIFE;PE;SBRF;01/09/2017;19:25:00;0
77575;77575;INCIDENTE;JUARA;MT;****;02/09/2017;09:50:00;0
77576;77576;ACIDENTE;SÃO FRANCISCO DE SALES;MG;****;02/09/2017;18:30:00;0
80387;80387;ACIDENTE;GETÚLIO VARGAS;RS;SWGL;02/09/2017;21:20:00;0
77571;77571;INCIDENTE;GOIÂNIA;GO;SBGO;03/09/2017;11:20:00;0
77572;77572;ACIDENTE;ITAÍ;SP;SDEE;03/09/2017;20:00:00;0
77573;77573;INCIDENTE;GOIÂNIA;GO;SBGO;03/09/2017;16:00:00;0
77568;77568;INCIDENTE GRAVE;PEDRALVA;MG;****;05/09/2017;19:00:00;0
77569;77569;INCIDENTE;ARAPONGAS;PR;****;05/09/2017;14:17:00;0
77562;77562;ACIDENTE;PERDIZES;MG;****;06/09/2017;09:50:00;0
77565;77565;INCIDENTE GRAVE;VÁRZEA GRANDE;MT;SBCY;06/09/2017;17:46:00;0
77553;77553;INCIDENTE;BELO HORIZONTE;MG;SBBH;07/09/2017;15:46:00;0
77554;77554;ACIDENTE;SANTARÉM;PA;****;07/09/2017;19:40:00;1
77556;77556;INCIDENTE;SÃO JOSÉ DOS PINHAIS;PR;SBCT;07/09/2017;20:01:00;0
77544;77544;ACIDENTE;SÃO SEBASTIÃO DA BOA VISTA;PA;****;08/09/2017;13:00:00;2
77550;77550;INCIDENTE;LONDRINA;PR;****;08/09/2017;19:05:00;0
77552;77552;INCIDENTE;MARITUBA;PA;SNYP;08/09/2017;14:30:00;0
77542;77542;ACIDENTE;PETROLINA;PE;SBPL;09/09/2017;13:56:00;0
77535;77535;INCIDENTE;SÃO JOSÉ DOS CAMPOS;SP;SBSJ;11/09/2017;13:00:00;0
77536;77536;INCIDENTE;SÃO JOSÉ DOS CAMPOS;SP;SBSJ;11/09/2017;13:05:00;0
77537;77537;INCIDENTE;JOINVILLE;SC;SBJV;11/09/2017;20:03:00;0
77521;77521;INCIDENTE GRAVE;CATALÃO;GO;SWKT;15/09/2017;16:00:00;0
77522;77522;ACIDENTE;CARACARAÍ;RR;****;15/09/2017;15:00:00;0
77524;77524;INCIDENTE;LONDRINA;PR;SBLO;15/09/2017;21:30:00;0
77515;77515;INCIDENTE;GUARULHOS;SP;SBGR;17/09/2017;23:21:00;0
77513;77513;INCIDENTE;SÃO JOSÉ DOS PINHAIS;PR;SBCT;18/09/2017;04:00:00;0
77510;77510;INCIDENTE;BELO HORIZONTE;MG;SBBH;19/09/2017;17:09:00;0
77504;77504;INCIDENTE;BELO HORIZONTE;MG;SBPR;20/09/2017;17:40:00;0
77505;77505;ACIDENTE;NOVO HAMBURGO;RS;SSNH;20/09/2017;14:15:00;1
77507;77507;INCIDENTE;CURITIBA;PR;SBBI;20/09/2017;17:28:00;0
77500;77500;ACIDENTE;SANTO ANTÔNIO DO LEVERGER;MT;SWLV;21/09/2017;10:20:00;0
77501;77501;INCIDENTE;GUARULHOS;SP;SBGR;21/09/2017;22:00:00;0
77502;77502;INCIDENTE GRAVE;MUCURI;BA;SNMU;21/09/2017;18:40:00;3
77503;77503;INCIDENTE;PATOS DE MINAS;MG;SNPD;21/09/2017;21:20:00;0
77498;77498;INCIDENTE;SÃO PAULO;SP;SIBH;22/09/2017;20:10:00;0
77495;77495;ACIDENTE;FEIJÓ;AC;****;23/09/2017;16:00:00;3
77492;77492;INCIDENTE;VITÓRIA;ES;SBVT;24/09/2017;17:07:00;0
77494;77494;INCIDENTE;ARARAQUARA;SP;SBAQ;24/09/2017;12:40:00;0
77487;77487;ACIDENTE;CURITIBA;PR;SBBI;26/09/2017;19:01:00;3
77483;77483;INCIDENTE;BRAGANÇA PAULISTA;SP;SBBP;27/09/2017;21:00:00;0
77474;77474;ACIDENTE;SÃO LUÍS DE MONTES BELOS;GO;****;30/09/2017;16:15:00;1
77475;77475;ACIDENTE;BELTERRA;PA;****;30/09/2017;13:00:00;0
77470;77470;ACIDENTE;FORMOSA;GO;SWFR;01/10/2017;13:30:00;1
77454;77454;ACIDENTE;SÃO JOSÉ DOS CAMPOS;SP;SBSJ;07/10/2017;11:25:00;1
77452;77452;ACIDENTE;SÃO JOSÉ DO RIO PRETO;SP;****;09/10/2017;15:25:00;0
77450;77450;ACIDENTE;LUCAS DO RIO VERDE;MT;SWSL;10/10/2017;11:30:00;3
77446;77446;INCIDENTE;SÃO PAULO;SP;SBSP;11/10/2017;13:20:00;0
77447;77447;ACIDENTE;ITAITUBA;PA;****;11/10/2017;16:00:00;0
77449;77449;INCIDENTE;LONDRINA;PR;SBLO;11/10/2017;16:37:00;0
77437;77437;INCIDENTE;PORTO SEGURO;BA;SBPS;12/10/2017;14:20:00;0
77438;77438;INCIDENTE;RIO DE JANEIRO;RJ;SBGL;12/10/2017;11:40:00;1
77439;77439;ACIDENTE;CAMPINAS;SP;SDAM;12/10/2017;19:00:00;0
77441;77441;ACIDENTE;ATIBAIA;SP;SDTB;12/10/2017;15:40:00;1
77431;77431;INCIDENTE GRAVE;MARINGÁ;PR;SBMG;15/10/2017;17:30:00;2
77429;77429;ACIDENTE;BONFIM;RR;****;16/10/2017;11:40:00;0
77424;77424;ACIDENTE;NOVO AIRÃO;AM;****;17/10/2017;15:40:00;0
77421;77421;INCIDENTE;BELO HORIZONTE;MG;SBBH;18/10/2017;17:40:00;0
77413;77413;ACIDENTE;PONTA PORÃ;MS;SWGC;20/10/2017;18:45:00;0
77414;77414;INCIDENTE;SÃO JOSÉ DOS PINHAIS;PR;SBCT;20/10/2017;07:00:00;0
77410;77410;ACIDENTE;RIO NEGRINHO;SC;****;21/10/2017;19:45:00;0
77407;77407;ACIDENTE;ITAITUBA;PA;SBIH;22/10/2017;21:05:00;4
77402;77402;INCIDENTE;BELO HORIZONTE;MG;SBBH;23/10/2017;11:30:00;0
77404;77404;INCIDENTE GRAVE;PORTO ALEGRE;RS;****;23/10/2017;20:00:00;0
77398;77398;ACIDENTE;ALTAMIRA;PA;****;24/10/2017;12:30:00;0
77399;77399;INCIDENTE;LONDRINA;PR;SBLO;24/10/2017;19:24:00;0
77401;77401;INCIDENTE;LONDRINA;PR;SSOK;24/10/2017;16:50:00;0
77394;77394;INCIDENTE;ENTRE-IJUÍS;RS;****;26/10/2017;19:00:00;0
77395;77395;INCIDENTE;RIO DE JANEIRO;RJ;****;26/10/2017;11:50:00;0
77391;77391;ACIDENTE;ALTO PARAÍSO DE GOIÁS;GO;SDXF;28/10/2017;11:55:00;3
77386;77386;ACIDENTE;BARÃO;RS;****;29/10/2017;11:00:00;0
77388;77388;INCIDENTE;SÃO PAULO;SP;SBMT;29/10/2017;18:25:00;0
77377;77377;INCIDENTE;VITÓRIA;ES;SBVT;31/10/2017;21:18:00;0
77378;77378;INCIDENTE GRAVE;JUIZ DE FORA;MG;SBJF;31/10/2017;20:43:00;0
77371;77371;ACIDENTE;CANUTAMA;AM;SDKH;02/11/2017;19:30:00;1
77375;77375;INCIDENTE GRAVE;MOSTARDAS;RS;****;02/11/2017;19:30:00;0
77368;77368;INCIDENTE;MARINGÁ;PR;SBMG;05/11/2017;16:38:00;0
77364;77364;INCIDENTE;MONTES CLAROS;MG;SBMK;06/11/2017;19:10:00;0
77360;77360;ACIDENTE;BOA VISTA DA APARECIDA;PR;****;07/11/2017;21:35:00;0
77357;77357;INCIDENTE;SALVADOR;BA;SBSV;09/11/2017;14:15:00;0
77353;77353;ACIDENTE;ORÓS;CE;****;10/11/2017;15:43:00;2
77354;77354;ACIDENTE;GOIÁS;GO;****;10/11/2017;16:27:00;1
77345;77345;ACIDENTE;IGARASSU;PE;****;11/11/2017;12:50:00;0
77348;77348;INCIDENTE;RIO BRANCO;AC;SBRB;11/11/2017;05:16:00;0
77349;77349;ACIDENTE;JI-PARANÁ;RO;SBJI;11/11/2017;20:40:00;0
77351;77351;ACIDENTE;RESTINGA SECA;RS;****;11/11/2017;00:00:00;0
77352;77352;INCIDENTE;MONTES CLAROS;MG;SBMK;11/11/2017;16:48:00;0
77337;77337;INCIDENTE GRAVE;JOÃO PESSOA;PB;SNJO;13/11/2017;13:40:00;0
77338;77338;INCIDENTE;FLORESTÓPOLIS;PR;****;13/11/2017;09:58:00;0
77333;77333;ACIDENTE;ITÁPOLIS;SP;****;14/11/2017;21:15:00;0
77329;77329;INCIDENTE;SÃO PAULO;SP;SBMT;15/11/2017;21:15:00;0
77331;77331;INCIDENTE GRAVE;NOVA XAVANTINA;MT;****;15/11/2017;12:30:00;0
77327;77327;INCIDENTE;BOM JESUS;RN;****;16/11/2017;17:30:00;0
77324;77324;ACIDENTE;SANTARÉM;PA;SNCJ;17/11/2017;17:15:00;0
77320;77320;INCIDENTE GRAVE;FOZ DO IGUAÇU;PR;SBFI;18/11/2017;02:47:00;3
77322;77322;ACIDENTE;ARANDU;SP;****;18/11/2017;17:00:00;0
77323;77323;INCIDENTE;VITÓRIA;ES;SBVT;18/11/2017;21:59:00;0
77314;77314;INCIDENTE;RIO DE JANEIRO;RJ;****;19/11/2017;09:42:00;0
77315;77315;INCIDENTE;RIO DE JANEIRO;RJ;****;19/11/2017;11:15:00;0
77316;77316;ACIDENTE;SÃO PAULO;SP;SBMT;19/11/2017;12:10:00;1
77312;77312;INCIDENTE;CARATINGA;MG;SNCT;20/11/2017;18:30:00;0
77311;77311;INCIDENTE;TABATINGA;AM;SBTT;21/11/2017;19:30:00;0
77306;77306;ACIDENTE;ITAITUBA;PA;****;23/11/2017;20:50:00;0
77307;77307;INCIDENTE;PORTO ALEGRE;RS;SBPA;23/11/2017;23:00:00;0
77304;77304;ACIDENTE;ARARI;MA;****;24/11/2017;09:40:00;2
77301;77301;ACIDENTE;UBARANA;SP;SDTO;25/11/2017;11:30:00;1
77303;77303;INCIDENTE;SÃO JOSÉ DOS PINHAIS;PR;SBCT;25/11/2017;06:55:00;0
77297;77297;INCIDENTE GRAVE;CORRENTINA;BA;****;26/11/2017;10:00:00;0
77298;77298;INCIDENTE;FLORIANÓPOLIS;SC;SBFL;26/11/2017;23:40:00;0
77299;77299;ACIDENTE;SÃO DESIDÉRIO;BA;****;26/11/2017;12:30:00;0
77294;77294;INCIDENTE;SÃO PAULO;SP;SBSP;27/11/2017;18:40:00;0
77296;77296;INCIDENTE;LONDRINA;PR;SBLO;27/11/2017;13:30:00;0
77288;77288;INCIDENTE;CURITIBA;PR;SBBI;28/11/2017;15:30:00;0
77289;77289;INCIDENTE;VITÓRIA DA CONQUISTA;BA;SBQV;28/11/2017;00:00:00;0
77285;77285;INCIDENTE;PORTO ALEGRE;RS;SBPA;29/11/2017;21:35:00;0
77276;77276;INCIDENTE GRAVE;BRASÍLIA;DF;SBBR;30/11/2017;08:37:00;3
77277;77277;INCIDENTE GRAVE;PARÁ DE MINAS;MG;SNPA;30/11/2017;12:30:00;0
77278;77278;ACIDENTE;MARINGÁ;PR;SBMG;30/11/2017;18:24:00;1
77281;77281;INCIDENTE GRAVE;SÃO PAULO;SP;****;30/11/2017;21:33:00;0
77264;77264;ACIDENTE;PIRACICABA;SP;SDPW;03/12/2017;15:00:00;0
77265;77265;ACIDENTE;TELÊMACO BORBA;PR;****;03/12/2017;19:25:00;1
77267;77267;ACIDENTE;ELDORADO;MS;SJFM;03/12/2017;20:45:00;0
77271;77271;ACIDENTE;TUCUMÃ;PA;****;03/12/2017;11:20:00;3
77258;77258;INCIDENTE;BELO HORIZONTE;MG;****;06/12/2017;17:34:00;0
77259;77259;ACIDENTE;NAVEGANTES;SC;SBNF;06/12/2017;11:53:00;1
77256;77256;INCIDENTE;FLORIANÓPOLIS;SC;SBFL;07/12/2017;16:40:00;0
77257;77257;INCIDENTE;FORTALEZA;CE;SBFZ;07/12/2017;17:10:00;0
77255;77255;ACIDENTE;SÃO FÉLIX DO XINGU;PA;****;08/12/2017;13:30:00;0
77248;77248;INCIDENTE GRAVE;GOIÂNIA;GO;SBGO;09/12/2017;09:30:00;1
77249;77249;INCIDENTE GRAVE;ERECHIM;RS;SSER;09/12/2017;13:18:00;0
77250;77250;INCIDENTE;BARREIRAS;BA;SNDH;09/12/2017;17:30:00;0
77251;77251;ACIDENTE;BAEPENDI;MG;****;09/12/2017;11:15:00;0
77252;77252;ACIDENTE;NOVA BANDEIRANTES;MT;****;09/12/2017;13:30:00;0
77245;77245;INCIDENTE;SÃO PAULO;SP;SBMT;10/12/2017;11:52:00;0
77247;77247;INCIDENTE;SÃO PAULO;SP;SBSP;10/12/2017;13:30:00;0
77244;77244;INCIDENTE GRAVE;CAMPINAS;SP;SDAM;11/12/2017;16:25:00;0
77239;77239;INCIDENTE;PORTO ALEGRE;RS;SBPA;13/12/2017;17:33:00;0
77230;77230;INCIDENTE;LONDRINA;PR;SBLO;15/12/2017;15:27:00;0
77211;77211;INCIDENTE;CABO FRIO;RJ;SBCB;23/12/2017;13:15:00;0
77213;77213;INCIDENTE GRAVE;CATUTI;MG;****;23/12/2017;19:30:00;0
77208;77208;INCIDENTE;RIO DE JANEIRO;RJ;SBRJ;26/12/2017;21:00:00;0
77209;77209;INCIDENTE;SÃO PAULO;SP;SIBH;26/12/2017;14:16:00;0
77205;77205;INCIDENTE;PORTO SEGURO;BA;****;27/12/2017;16:20:00;0
77206;77206;INCIDENTE GRAVE;EDÉIA;GO;****;27/12/2017;09:15:00;0
77203;77203;INCIDENTE;ARAGUAÍNA;TO;SWGN;28/12/2017;06:30:00;0
77202;77202;INCIDENTE GRAVE;UBATUBA;SP;SDUB;29/12/2017;17:30:00;3
77200;77200;ACIDENTE;DOM PEDRITO;RS;****;30/12/2017;16:45:00;0
77607;77607;INCIDENTE;PORTO SEGURO;BA;SBPS;03/01/2018;11:36:00;0
77608;77608;INCIDENTE GRAVE;ARROIO GRANDE;RS;****;03/01/2018;13:51:00;0
77610;77610;INCIDENTE GRAVE;RIO DE JANEIRO;RJ;SBGL;04/01/2018;23:38:00;0
77616;77616;INCIDENTE GRAVE;PORTO SEGURO;BA;****;04/01/2018;20:45:00;0
77617;77617;INCIDENTE;CAMPO GRANDE;AL;SBCG;04/01/2018;20:44:00;0
77631;77631;INCIDENTE;BELO HORIZONTE;MG;SBBH;04/01/2018;16:08:00;0
77614;77614;INCIDENTE;GUARULHOS;SP;SBGR;05/01/2018;03:17:00;0
77622;77622;INCIDENTE;RIO DE JANEIRO;RJ;SBGL;05/01/2018;19:00:00;0
77627;77627;INCIDENTE;LONDRINA;PR;SBLO;05/01/2018;16:20:00;0
77612;77612;ACIDENTE;ITAPEMA;SC;****;06/01/2018;10:30:00;0
77682;77682;INCIDENTE;BELÉM;AL;SBBE;09/01/2018;23:39:00;0
77630;77630;ACIDENTE;SÃO LOURENÇO DO SUL;RS;****;10/01/2018;12:00:00;2
77638;77638;ACIDENTE;DOM PEDRITO;RS;SSFC;10/01/2018;12:00:00;4
77639;77639;ACIDENTE;DOM PEDRITO;RS;SSFC;10/01/2018;16:20:00;4
77637;77637;INCIDENTE;BENTO GONÇALVES;RS;****;11/01/2018;11:14:00;0
77632;77632;INCIDENTE;GUARULHOS;SP;SBGR;12/01/2018;06:00:00;0
77642;77642;ACIDENTE;LINHARES;ES;****;13/01/2018;17:30:00;0
77672;77672;ACIDENTE;FORMOSA DO RIO PRETO;BA;SNFS;13/01/2018;10:50:00;0
77636;77636;ACIDENTE;JUNDIAÍ;SP;SBJD;14/01/2018;10:18:00;1
77640;77640;ACIDENTE;AQUIRAZ;CE;****;15/01/2018;12:43:00;0
77641;77641;INCIDENTE;VITÓRIA DA CONQUISTA;BA;****;15/01/2018;23:30:00;0
77643;77643;INCIDENTE;GUARULHOS;SP;SBGR;17/01/2018;09:05:00;0
77650;77650;ACIDENTE;JUIZ DE FORA;MG;SBJF;18/01/2018;13:30:00;0
77656;77656;INCIDENTE;CAMPO GRANDE;AL;SBCG;18/01/2018;20:28:00;0
77657;77657;ACIDENTE;ITABELA;BA;****;18/01/2018;11:15:00;0
77649;77649;ACIDENTE;QUATRO IRMÃOS;RS;****;19/01/2018;17:40:00;2
77686;77686;ACIDENTE;GARIBALDI;RS;SSGA;19/01/2018;18:35:00;0
77653;77653;ACIDENTE;VILA VELHA;ES;SIVU;21/01/2018;15:40:00;1
77676;77676;INCIDENTE;BELÉM;AL;SBBE;21/01/2018;16:40:00;0
78461;78461;INCIDENTE;PORTO ALEGRE;RS;SBPA;21/01/2018;14:03:00;0
77678;77678;ACIDENTE;RECIFE;PE;****;23/01/2018;09:05:00;9
77697;77697;ACIDENTE;ITAITUBA;PA;SNMD;23/01/2018;21:00:00;0
77701;77701;INCIDENTE;ANÁPOLIS;GO;SWNS;23/01/2018;19:00:00;0
77689;77689;INCIDENTE GRAVE;JUARA;MT;****;25/01/2018;12:30:00;0
77663;77663;ACIDENTE;INACIOLÂNDIA;GO;****;26/01/2018;12:20:00;1
77684;77684;ACIDENTE;ARROIO GRANDE;RS;5JTI;26/01/2018;09:00:00;2
77726;77726;ACIDENTE;RIO DE JANEIRO;RJ;****;28/01/2018;11:30:00;4
77763;77763;INCIDENTE;MONTENEGRO;RS;****;31/01/2018;13:30:00;0
77666;77666;ACIDENTE;MATA;RS;****;01/02/2018;18:10:00;0
77704;77704;INCIDENTE;SÃO PAULO;SP;SBMT;01/02/2018;13:50:00;0
77688;77688;INCIDENTE GRAVE;BRAGANÇA PAULISTA;SP;SBBP;03/02/2018;15:00:00;0
77661;77661;INCIDENTE;VITÓRIA;ES;SBVT;07/02/2018;07:37:00;0
77670;77670;ACIDENTE;ITAITUBA;PA;****;07/02/2018;15:30:00;2
77687;77687;ACIDENTE;PENÁPOLIS;SP;****;07/02/2018;12:10:00;3
77675;77675;ACIDENTE;ARROIO GRANDE;RS;****;08/02/2018;15:30:00;2
77705;77705;INCIDENTE;SÃO JOSÉ DO RIO PRETO;SP;SBSR;08/02/2018;18:00:00;0
77667;77667;ACIDENTE;RIBEIRÃO CASCALHEIRA;MT;****;09/02/2018;14:00:00;1
77707;77707;INCIDENTE;SÃO PAULO;SP;SBMT;09/02/2018;19:07:00;0
77690;77690;ACIDENTE;RIO BRANCO;AC;****;11/02/2018;13:30:00;0
77685;77685;ACIDENTE;ITAPETININGA;SP;****;12/02/2018;21:30:00;1
77679;77679;ACIDENTE;PASSO FUNDO;RS;****;14/02/2018;17:15:00;0
77703;77703;INCIDENTE GRAVE;PARAGUAÇU PAULISTA;SP;****;14/02/2018;15:45:00;0
77698;77698;ACIDENTE;CAMAPUÃ;MS;****;15/02/2018;14:40:00;0
77680;77680;ACIDENTE;PORTO UNIÃO;SC;****;17/02/2018;18:30:00;0
77719;77719;INCIDENTE;SÃO PAULO;SP;SBSP;17/02/2018;19:46:00;0
77660;77660;ACIDENTE;SÃO DESIDÉRIO;BA;****;18/02/2018;19:15:00;2
77724;77724;ACIDENTE;NOVO HORIZONTE;SC;SDNH;19/02/2018;10:10:00;2
77857;77857;INCIDENTE;LIMA DUARTE;MG;SJXM;20/02/2018;14:00:00;0
77693;77693;ACIDENTE;TANGARÁ DA SERRA;MT;****;22/02/2018;14:00:00;1
77695;77695;INCIDENTE GRAVE;BRASÍLIA;DF;SBBR;22/02/2018;11:00:00;2
77700;77700;ACIDENTE;MANAUS;AM;****;22/02/2018;13:10:00;2
77718;77718;ACIDENTE;SANTA RITA DO NOVO DESTINO;GO;****;22/02/2018;14:00:00;0
78181;78181;INCIDENTE;SÃO PAULO;SP;****;22/02/2018;16:30:00;0
77716;77716;INCIDENTE;MANAUS;AM;SBEG;24/02/2018;21:05:00;0
77717;77717;ACIDENTE;QUADRA;SP;*****;25/02/2018;14:30:00;1
77694;77694;INCIDENTE GRAVE;SÃO PAULO;SP;SBSP;26/02/2018;22:30:00;0
77699;77699;ACIDENTE;ENTRE-IJUÍS;RS;****;26/02/2018;19:30:00;0
77691;77691;ACIDENTE;BRASILÂNDIA;MS;****;27/02/2018;12:40:00;0
77673;77673;INCIDENTE GRAVE;PASSO FUNDO;RS;SBPF;28/02/2018;11:00:00;0
77696;77696;ACIDENTE;ITAITUBA;PA;SNMD;28/02/2018;19:30:00;0
77702;77702;INCIDENTE;GUARULHOS;SP;SBGR;01/03/2018;21:12:00;0
77710;77710;ACIDENTE;OSÓRIO;RS;****;04/03/2018;14:43:00;0
77729;77729;INCIDENTE GRAVE;TEÓFILO OTONI;MG;SNTO;04/03/2018;20:40:00;0
77728;77728;INCIDENTE GRAVE;TANGARÁ DA SERRA;MT;****;06/03/2018;13:00:00;0
77731;77731;ACIDENTE;AGUDO;RS;****;06/03/2018;21:30:00;1
77733;77733;ACIDENTE;SÃO DESIDÉRIO;BA;****;07/03/2018;17:10:00;3
77734;77734;INCIDENTE GRAVE;JOÃO PESSOA;PB;SNJO;07/03/2018;18:00:00;0
77736;77736;INCIDENTE;CAMPINAS;SP;SBKP;07/03/2018;16:50:00;0
77730;77730;INCIDENTE;NOBRES;MT;SWVZ;08/03/2018;14:30:00;0
77732;77732;ACIDENTE;JOINVILLE;SC;****;08/03/2018;18:55:00;0
77856;77856;INCIDENTE;CACOAL;RO;SSKW;09/03/2018;22:40:00;0
77742;77742;ACIDENTE;URUÇUÍ;PI;****;10/03/2018;13:35:00;1
77740;77740;INCIDENTE;SÃO PAULO;SP;SBMT;11/03/2018;17:30:00;0
77741;77741;ACIDENTE;CIANORTE;PR;****;11/03/2018;12:25:00;1
77747;77747;INCIDENTE;TATUÍ;SP;SDTF;11/03/2018;18:00:00;0
77743;77743;ACIDENTE;JABOTICABAL;SP;****;13/03/2018;13:00:00;0
77749;77749;ACIDENTE;MONTES CLAROS;MG;****;14/03/2018;15:30:00;0
77750;77750;ACIDENTE;CURRALINHO;PA;****;15/03/2018;15:00:00;2
77751;77751;INCIDENTE;CAMPINAS;SP;SDAM;16/03/2018;15:35:00;0
77752;77752;ACIDENTE;ORIXIMINÁ;PA;****;16/03/2018;12:40:00;2
77753;77753;ACIDENTE;AVANHANDAVA;SP;****;16/03/2018;13:00:00;0
77754;77754;INCIDENTE GRAVE;BRAGANÇA PAULISTA;SP;SDVH;17/03/2018;15:20:00;0
77755;77755;INCIDENTE GRAVE;MARAGOGI;AL;****;18/03/2018;17:15:00;0
77756;77756;INCIDENTE GRAVE;IGARASSU;PE;SIFC;18/03/2018;18:45:00;0
77757;77757;INCIDENTE GRAVE;TORRES;RS;SBTR;18/03/2018;20:30:00;0
77761;77761;INCIDENTE GRAVE;SINOP;MT;SWVR;18/03/2018;12:40:00;0
77771;77771;ACIDENTE;SETUBINHA;MG;****;18/03/2018;17:00:00;0
77863;77863;INCIDENTE;SÃO LUÍS;MA;SBSL;18/03/2018;20:44:00;0
77764;77764;INCIDENTE;SÃO PAULO;SP;SBSP;21/03/2018;20:00:00;0
77765;77765;INCIDENTE GRAVE;JACAREACANGA;PA;SNKH;21/03/2018;17:00:00;0
78067;78067;INCIDENTE;SÃO PAULO;SP;****;21/03/2018;22:10:00;0
77770;77770;ACIDENTE;ARAÇATUBA;SP;****;22/03/2018;18:15:00;1
77805;77805;INCIDENTE;RIO DE JANEIRO;RJ;SBGL;22/03/2018;03:15:00;0
77838;77838;INCIDENTE;LIMEIRA DO OESTE;MG;****;22/03/2018;13:00:00;0
77766;77766;ACIDENTE;CANELA;RS;SSCN;23/03/2018;21:20:00;2
77768;77768;ACIDENTE;NOVA IGUAÇU;RJ;****;23/03/2018;18:30:00;0
77780;77780;INCIDENTE;FORTALEZA;CE;SBFZ;23/03/2018;02:45:00;0
77782;77782;INCIDENTE;SALVADOR;BA;SBSV;23/03/2018;19:00:00;0
77769;77769;INCIDENTE;SÃO JOSÉ DOS CAMPOS;SP;SBSJ;24/03/2018;16:57:00;0
77773;77773;ACIDENTE;BRAGANÇA PAULISTA;SP;****;25/03/2018;21:00:00;0
77775;77775;INCIDENTE;SÃO JOSÉ DOS PINHAIS;PR;SBCT;25/03/2018;01:47:00;0
77774;77774;INCIDENTE;PORTO VELHO;RO;SBPV;27/03/2018;19:54:00;0
77859;77859;INCIDENTE GRAVE;GOIÂNIA;GO;SBNV;27/03/2018;12:40:00;0
77778;77778;ACIDENTE;TAILÂNDIA;PA;****;28/03/2018;12:00:00;0
77779;77779;INCIDENTE;SÃO PAULO;SP;SBSP;28/03/2018;17:50:00;0
77816;77816;ACIDENTE;AQUIDAUANA;MS;SSGX;28/03/2018;11:45:00;0
77781;77781;INCIDENTE GRAVE;RIO DE JANEIRO;RJ;****;30/03/2018;12:50:00;2
77787;77787;INCIDENTE;CAMPOS DOS GOYTACAZES;RJ;SBCP;30/03/2018;14:00:00;0
77785;77785;ACIDENTE;ROSÁRIO;MA;****;01/04/2018;19:00:00;0
77790;77790;INCIDENTE;ROSÁRIO;MA;****;01/04/2018;20:50:00;0
77784;77784;INCIDENTE GRAVE;OURILÂNDIA DO NORTE;PA;SDOW;02/04/2018;17:50:00;0
77793;77793;ACIDENTE;LUCAS DO RIO VERDE;MT;****;02/04/2018;11:30:00;0
77786;77786;ACIDENTE;SANTANA DO ARAGUAIA;PA;****;03/04/2018;11:15:00;1
77792;77792;ACIDENTE;JANAÚBA;MG;****;03/04/2018;20:30:00;1
77839;77839;INCIDENTE;LONDRINA;PR;SBLO;03/04/2018;16:41:00;0
77789;77789;INCIDENTE GRAVE;RECIFE;PE;SBRF;05/04/2018;16:49:00;0
77842;77842;INCIDENTE;JUNDIAÍ;SP;SBJD;05/04/2018;20:23:00;0
77791;77791;INCIDENTE GRAVE;TERESÓPOLIS;RJ;****;06/04/2018;22:40:00;3
77800;77800;INCIDENTE;PORTO ALEGRE;RS;SBPA;06/04/2018;03:25:00;0
77847;77847;ACIDENTE;JANDAIA;GO;****;06/04/2018;10:30:00;2
77794;77794;INCIDENTE;SÃO PAULO;SP;SBMT;08/04/2018;18:20:00;0
77803;77803;INCIDENTE GRAVE;BRASÍLIA;DF;SBBR;09/04/2018;00:32:00;9
77807;77807;ACIDENTE;CAMPO GRANDE;MS;SBCG;10/04/2018;23:40:00;4
77809;77809;INCIDENTE;FORMOSA DO RIO PRETO;BA;SWVI;10/04/2018;13:00:00;0
77808;77808;ACIDENTE;ELDORADO DO SUL;RS;SIXE;11/04/2018;12:45:00;4
77819;77819;ACIDENTE;RECURSOLÂNDIA;TO;****;12/04/2018;14:00:00;1
77848;77848;INCIDENTE GRAVE;RIO VERDE;GO;****;12/04/2018;13:00:00;0
77814;77814;INCIDENTE;PORTO ALEGRE;RS;****;14/04/2018;15:41:00;0
77823;77823;ACIDENTE;IPATINGA;MG;****;14/04/2018;14:30:00;0
77830;77830;ACIDENTE;BARÃO DE MELGAÇO;MT;****;15/04/2018;11:10:00;2
77826;77826;ACIDENTE;MONTIVIDIU;GO;####;16/04/2018;12:00:00;0
77818;77818;INCIDENTE;SÃO PAULO;SP;SBMT;17/04/2018;17:15:00;0
77820;77820;ACIDENTE;NOVA ESPERANÇA;PR;****;17/04/2018;14:35:00;0
77840;77840;ACIDENTE;BARCELOS;AM;****;17/04/2018;20:20:00;7
77846;77846;INCIDENTE;LONDRINA;PR;SSOK;17/04/2018;13:30:00;0
77827;77827;INCIDENTE;SÃO JOSÉ DOS PINHAIS;PR;SBCT;19/04/2018;22:34:00;0
77832;77832;INCIDENTE;VITÓRIA;ES;SBVT;20/04/2018;23:40:00;0
77836;77836;INCIDENTE GRAVE;JUNDIAÍ;SP;SBJD;20/04/2018;15:38:00;0
77835;77835;INCIDENTE;CORUMBÁ;MS;SSNV;21/04/2018;19:45:00;0
77841;77841;INCIDENTE GRAVE;NOSSA SENHORA DO LIVRAMENTO;MT;****;21/04/2018;15:30:00;2
77849;77849;INCIDENTE GRAVE;LONDRINA;PR;****;27/04/2018;12:00:00;0
77861;77861;INCIDENTE GRAVE;OURILÂNDIA DO NORTE;PA;SDOW;27/04/2018;14:30:00;1
77851;77851;INCIDENTE GRAVE;PORTO NACIONAL;TO;SWEJ;28/04/2018;11:00:00;0
77852;77852;ACIDENTE;PRIMAVERA DO LESTE;MT;****;28/04/2018;19:40:00;1
77853;77853;ACIDENTE;GOIÂNIA;GO;SBNV;29/04/2018;15:00:00;0
77860;77860;ACIDENTE;LONDRINA;PR;****;29/04/2018;20:45:00;0
77850;77850;ACIDENTE;NOVA OLINDA DO NORTE;AM;****;30/04/2018;11:00:00;0
79567;79567;ACIDENTE;UBATUBA;SP;SDUB;01/05/2018;20:45:00;0
77862;77862;INCIDENTE GRAVE;BALSAS;MA;****;03/05/2018;18:00:00;0
77864;77864;ACIDENTE;PARAGOMINAS;PA;****;03/05/2018;11:40:00;1
77865;77865;ACIDENTE;CURITIBANOS;SC;****;04/05/2018;16:40:00;0
77866;77866;ACIDENTE;VINHEDO;SP;****;05/05/2018;20:30:00;0
77867;77867;INCIDENTE;GAVIÃO PEIXOTO;SP;SBGP;05/05/2018;14:10:00;0
77868;77868;ACIDENTE;QUARTO CENTENÁRIO;PR;****;06/05/2018;18:00:00;1
77871;77871;INCIDENTE;PALMAS;PR;SBPJ;07/05/2018;15:45:00;0
77878;77878;ACIDENTE;CHAPADÃO DO CÉU;GO;****;07/05/2018;11:25:00;4
77872;77872;ACIDENTE;CAMPO FLORIDO;MG;****;08/05/2018;11:00:00;0
77886;77886;INCIDENTE;RIO DE JANEIRO;RJ;SBGL;08/05/2018;12:00:00;0
77875;77875;INCIDENTE;BELO HORIZONTE;MG;SBPR;09/05/2018;19:28:00;0
77877;77877;ACIDENTE;RIO DE JANEIRO;RJ;****;09/05/2018;14:05:00;0
77890;77890;INCIDENTE;SOROCABA;SP;SDCO;16/05/2018;14:35:00;0
77891;77891;INCIDENTE;SÃO PAULO;SP;SBMT;16/05/2018;17:10:00;0
77893;77893;ACIDENTE;SALTO DE PIRAPORA;SP;****;16/05/2018;13:30:00;1
77895;77895;ACIDENTE;ITACOATIARA;AM;****;16/05/2018;11:15:00;1
77894;77894;INCIDENTE;SÃO PAULO;SP;SBMT;17/05/2018;15:50:00;0
77896;77896;INCIDENTE GRAVE;IRAÍ DE MINAS;MG;****;17/05/2018;12:00:00;0
77898;77898;INCIDENTE;CARATINGA;MG;SNCT;17/05/2018;11:40:00;0
77899;77899;INCIDENTE;SÃO PAULO;SP;SBMT;17/05/2018;19:40:00;0
77900;77900;ACIDENTE;ITAITUBA;PA;****;19/05/2018;17:20:00;0
77901;77901;INCIDENTE GRAVE;GOIÂNIA;GO;SBNV;19/05/2018;13:00:00;0
77904;77904;INCIDENTE GRAVE;JUIZ DE FORA;MG;SBJF;20/05/2018;19:40:00;0
77909;77909;INCIDENTE;ESTEIO;RS;****;20/05/2018;21:18:00;0
77903;77903;INCIDENTE;UBERLÂNDIA;MG;SBUL;21/05/2018;19:07:00;0
77917;77917;ACIDENTE;ÁGUA LIMPA;GO;****;21/05/2018;14:40:00;0
77957;77957;INCIDENTE;ANGRA DOS REIS;RJ;****;21/05/2018;12:00:00;0
77905;77905;ACIDENTE;MANAUS;AM;****;22/05/2018;13:50:00;1
77911;77911;INCIDENTE GRAVE;FIGUEIRÓPOLIS;TO;****;22/05/2018;13:30:00;0
77910;77910;ACIDENTE;ITANHAÉM;SP;****;23/05/2018;20:38:00;0
77918;77918;INCIDENTE GRAVE;CHAPADÃO DO CÉU;GO;****;23/05/2018;14:00:00;0
78035;78035;INCIDENTE GRAVE;GOIÂNIA;GO;****;25/05/2018;19:30:00;0
77916;77916;INCIDENTE;CURITIBA;PR;SBBI;28/05/2018;17:00:00;0
77923;77923;INCIDENTE GRAVE;SÃO FÉLIX DO ARAGUAIA;MT;SNDP;30/05/2018;11:32:00;0
77924;77924;INCIDENTE;PARNAÍBA;PI;SBPB;31/05/2018;16:40:00;0
77919;77919;ACIDENTE;TATUÍ;SP;****;01/06/2018;14:40:00;0
77921;77921;INCIDENTE GRAVE;SÃO PAULO;SP;****;01/06/2018;15:00:00;0
77943;77943;INCIDENTE;SÃO PAULO;SP;SBMT;02/06/2018;12:25:00;0
77934;77934;INCIDENTE GRAVE;BARRETOS;SP;SNBA;03/06/2018;14:00:00;0
77930;77930;INCIDENTE;MARÍLIA;SP;SBML;05/06/2018;15:30:00;0
77933;77933;ACIDENTE;CAÇAPAVA DO SUL;RS;****;06/06/2018;13:30:00;1
77940;77940;INCIDENTE;RIO DE JANEIRO;RJ;SBGL;07/06/2018;23:58:00;0
77942;77942;ACIDENTE;BIRIGUI;SP;SJWQ;08/06/2018;20:05:00;0
77935;77935;INCIDENTE;BELO HORIZONTE;MG;SBBH;09/06/2018;11:11:00;0
77936;77936;INCIDENTE;CAMPOS DOS GOYTACAZES;RJ;SBCP;09/06/2018;17:10:00;0
77944;77944;INCIDENTE;SÃO PAULO;SP;SBMT;09/06/2018;21:05:00;0
77939;77939;INCIDENTE;SÃO PAULO;SP;SBMT;10/06/2018;19:09:00;0
77946;77946;INCIDENTE;FOZ DO IGUAÇU;PR;****;11/06/2018;17:20:00;0
78014;78014;INCIDENTE;BELO HORIZONTE;MG;SBBH;15/06/2018;20:09:00;0
77958;77958;ACIDENTE;REDENÇÃO;PA;SNDC;16/06/2018;21:30:00;0
77961;77961;ACIDENTE;ESPÍRITO SANTO DO DOURADO;MG;****;16/06/2018;21:50:00;0
77966;77966;INCIDENTE;CHAPADÃO DO LAGEADO;SC;****;16/06/2018;09:40:00;0
77978;77978;INCIDENTE;GUARULHOS;SP;****;16/06/2018;10:15:00;0
77963;77963;ACIDENTE;BRASILÂNDIA;MS;SSZL;17/06/2018;17:20:00;0
77969;77969;INCIDENTE;TORRES;RS;SBTR;17/06/2018;12:30:00;0
77967;77967;INCIDENTE;SÃO PAULO;SP;****;19/06/2018;16:25:00;0
77987;77987;INCIDENTE;CURITIBA;PR;SBBI;20/06/2018;11:00:00;0
77975;77975;INCIDENTE;BRAGANÇA PAULISTA;SP;SBBP;22/06/2018;17:15:00;0
77974;77974;ACIDENTE;PARAUAPEBAS;PA;****;23/06/2018;20:20:00;0
77977;77977;ACIDENTE;FORTALEZA;CE;****;23/06/2018;20:00:00;1
77980;77980;INCIDENTE;PORTO ALEGRE;RS;****;23/06/2018;19:40:00;0
77991;77991;INCIDENTE;BELO HORIZONTE;MG;****;23/06/2018;02:08:00;0
77985;77985;ACIDENTE;ITAITUBA;PA;****;25/06/2018;20:30:00;1
77981;77981;INCIDENTE;SÃO PAULO;SP;SBMT;26/06/2018;09:10:00;0
77993;77993;ACIDENTE;ITAITUBA;PA;****;27/06/2018;17:30:00;0
78011;78011;ACIDENTE;SORRISO;MT;****;27/06/2018;17:50:00;0
77989;77989;INCIDENTE;SANTARÉM;PA;SBSN;28/06/2018;11:50:00;0
78010;78010;INCIDENTE;NOVA PRATA;RS;****;28/06/2018;19:00:00;0
77994;77994;ACIDENTE;ITAITUBA;PA;****;29/06/2018;15:10:00;0
77995;77995;ACIDENTE;TORRES;RS;SBTR;30/06/2018;19:10:00;1
78006;78006;ACIDENTE;BOM JESUS DO GALHO;MG;****;01/07/2018;20:00:00;0
78008;78008;INCIDENTE;BELO HORIZONTE;MG;SBBH;01/07/2018;18:30:00;0
77996;77996;INCIDENTE;SÃO PAULO;SP;SBMT;02/07/2018;17:33:00;0
78004;78004;INCIDENTE GRAVE;PARATY;RJ;SDTK;02/07/2018;15:25:00;0
78025;78025;ACIDENTE;CUMARU DO NORTE;PA;****;03/07/2018;18:00:00;0
78021;78021;INCIDENTE;TANGARÁ DA SERRA;MT;SWTS;04/07/2018;13:00:00;0
78013;78013;INCIDENTE GRAVE;MONTES CLAROS;MG;SBMK;05/07/2018;19:06:00;0
78015;78015;INCIDENTE;GUARATINGUETÁ;SP;SBGW;08/07/2018;17:42:00;0
78018;78018;ACIDENTE;BAURU;SP;SBAE;08/07/2018;12:15:00;2
78023;78023;INCIDENTE GRAVE;GOIÂNIA;GO;SBNV;08/07/2018;19:04:00;0
78019;78019;INCIDENTE;BELO HORIZONTE;MG;SBBH;09/07/2018;14:07:00;0
78020;78020;INCIDENTE;BELO HORIZONTE;MG;****;09/07/2018;03:00:00;0
78144;78144;INCIDENTE;SEBASTIÃO LEAL;PI;SWUV;09/07/2018;15:29:00;0
78024;78024;INCIDENTE;BELÉM;AL;SBBE;10/07/2018;10:38:00;0
78026;78026;INCIDENTE;RIO DE JANEIRO;RJ;SBGL;10/07/2018;11:20:00;0
78028;78028;INCIDENTE;MARINGÁ;PR;SBMG;10/07/2018;17:15:00;0
78031;78031;ACIDENTE;ITÁPOLIS;SP;SDIO;12/07/2018;10:50:00;6
78034;78034;INCIDENTE;JUAZEIRO DO NORTE;CE;****;13/07/2018;20:15:00;0
78057;78057;INCIDENTE;RECIFE;PE;SBRF;13/07/2018;17:10:00;0
78036;78036;ACIDENTE;BOM DESPACHO;MG;SNGQ;14/07/2018;19:00:00;0
78032;78032;INCIDENTE GRAVE;MATINHOS;PR;****;16/07/2018;16:20:00;0
78033;78033;ACIDENTE;CONFINS;MG;SBCF;16/07/2018;22:00:00;1
79530;79530;ACIDENTE;RIACHO DAS ALMAS;PE;****;16/07/2018;18:30:00;0
78037;78037;INCIDENTE;SANTANA;AP;****;17/07/2018;16:05:00;0
78041;78041;INCIDENTE;RECIFE;PE;SBRF;18/07/2018;19:59:00;0
78042;78042;INCIDENTE GRAVE;SANTANA DO LIVRAMENTO;RS;SIXD;18/07/2018;17:15:00;0
78061;78061;INCIDENTE;CAMPO GRANDE;AL;SBCG;18/07/2018;11:11:00;0
78045;78045;INCIDENTE;BRAGANÇA PAULISTA;SP;SBBP;20/07/2018;13:30:00;0
78051;78051;ACIDENTE;TIMON;MA;****;20/07/2018;12:30:00;0
78053;78053;INCIDENTE;SÃO PAULO;SP;SBMT;20/07/2018;14:25:00;0
78123;78123;INCIDENTE;RECIFE;PE;SBRF;20/07/2018;10:49:00;0
78054;78054;ACIDENTE;RIO DE JANEIRO;RJ;****;21/07/2018;12:00:00;0
78052;78052;ACIDENTE;GUARATUBA;PR;SSGB;22/07/2018;18:20:00;2
78055;78055;INCIDENTE GRAVE;CAIRU;BA;####;22/07/2018;14:25:00;2
78058;78058;ACIDENTE;PAULA FREITAS;PR;****;22/07/2018;12:40:00;0
78066;78066;INCIDENTE;PORTO FELIZ;SP;SJBM;23/07/2018;17:20:00;0
78084;78084;INCIDENTE;CAMPINAS;SP;SBKP;24/07/2018;03:10:00;0
78075;78075;INCIDENTE;SÃO JOSÉ DOS CAMPOS;SP;SBSJ;25/07/2018;12:38:00;0
78071;78071;INCIDENTE GRAVE;CAMPO GRANDE;MS;SBCG;26/07/2018;15:29:00;0
78072;78072;INCIDENTE;RIO DE JANEIRO;RJ;****;26/07/2018;14:37:00;0
78076;78076;ACIDENTE;SÃO FÉLIX DO XINGU;PA;****;27/07/2018;15:30:00;0
78082;78082;INCIDENTE;LONDRINA;PR;SBLO;27/07/2018;15:10:00;0
78088;78088;INCIDENTE;BELO HORIZONTE;MG;SBBH;27/07/2018;16:04:00;0
78091;78091;INCIDENTE;LONDRINA;PR;SBLO;27/07/2018;11:00:00;0
78080;78080;ACIDENTE;ITAPEMA;SC;****;28/07/2018;14:20:00;0
78153;78153;INCIDENTE;SÃO PAULO;SP;SBMT;28/07/2018;17:00:00;0
78078;78078;INCIDENTE GRAVE;CARIDADE;CE;****;29/07/2018;18:30:00;0
78079;78079;ACIDENTE;SÃO PAULO;SP;SBMT;29/07/2018;21:15:00;0
78081;78081;ACIDENTE;PONTA GROSSA;PR;SBPG;29/07/2018;10:55:00;2
78085;78085;INCIDENTE;MANAUS;AM;SBEG;30/07/2018;11:45:00;0
78093;78093;INCIDENTE GRAVE;COCALINHO;MT;SWEF;30/07/2018;12:00:00;0
78089;78089;INCIDENTE;RIO BRANCO;AC;SBRB;31/07/2018;14:30:00;0
78095;78095;INCIDENTE;SALVADOR;BA;SBSV;31/07/2018;12:38:00;0
78099;78099;ACIDENTE;PLANALTINA;GO;****;01/08/2018;17:30:00;0
78094;78094;INCIDENTE;PALMAS;PR;SBPJ;02/08/2018;16:10:00;0
78098;78098;INCIDENTE;FLORIANÓPOLIS;SC;SBFL;03/08/2018;03:01:00;0
78102;78102;INCIDENTE GRAVE;OSÓRIO;RS;SSOS;04/08/2018;19:15:00;0
78103;78103;ACIDENTE;CHORÓ;CE;****;06/08/2018;13:50:00;2
78105;78105;INCIDENTE;SÃO LUÍS;MA;SBSL;09/08/2018;19:07:00;0
78108;78108;ACIDENTE;DOMINGOS MARTINS;ES;****;10/08/2018;19:18:00;0
78109;78109;INCIDENTE;CUIABÁ;MT;SBCY;11/08/2018;22:00:00;0
78110;78110;INCIDENTE GRAVE;BRAGANÇA PAULISTA;SP;SBBP;11/08/2018;20:15:00;0
78111;78111;ACIDENTE;GOIÂNIA;GO;****;11/08/2018;20:15:00;0
78121;78121;INCIDENTE GRAVE;SÃO SEBASTIÃO DO PARAÍSO;MG;SNPY;12/08/2018;12:55:00;0
78117;78117;INCIDENTE;PORTO VELHO;RO;SBPV;13/08/2018;17:45:00;0
78186;78186;INCIDENTE;BELO HORIZONTE;MG;SBPR;14/08/2018;13:25:00;0
78125;78125;INCIDENTE GRAVE;SINOP;MT;SWSI;16/08/2018;10:15:00;0
78134;78134;INCIDENTE;MARINGÁ;PR;SBMG;16/08/2018;19:57:00;0
78138;78138;INCIDENTE;GOIÂNIA;GO;SBNV;17/08/2018;18:20:00;0
78137;78137;ACIDENTE;ELDORADO DO SUL;RS;SIXE;21/08/2018;17:30:00;2
78140;78140;INCIDENTE GRAVE;SÃO JOSÉ DO RIO PRETO;SP;SBSR;21/08/2018;19:40:00;0
78141;78141;INCIDENTE;RIO DE JANEIRO;RJ;SBCB;23/08/2018;12:00:00;0
78143;78143;INCIDENTE GRAVE;VILHENA;RO;SBVH;23/08/2018;16:19:00;0
78146;78146;INCIDENTE;GOIÂNIA;GO;SBGO;23/08/2018;14:58:00;0
78147;78147;ACIDENTE;CUNHA;SP;****;24/08/2018;14:57:00;1
78149;78149;INCIDENTE;JUNDIAÍ;SP;SBJD;24/08/2018;16:00:00;0
78152;78152;INCIDENTE;BARREIRAS;BA;SNDH;25/08/2018;12:45:00;0
78154;78154;INCIDENTE GRAVE;BARRETOS;SP;****;25/08/2018;06:00:00;0
78157;78157;INCIDENTE;SÃO JOSÉ DO RIO PRETO;SP;SBSR;27/08/2018;18:40:00;0
78158;78158;ACIDENTE;CACHOEIRA DO SUL;RS;****;28/08/2018;18:40:00;0
78165;78165;INCIDENTE;SALVADOR;BA;SBSV;28/08/2018;16:50:00;0
78163;78163;INCIDENTE;GUARULHOS;SP;SBGR;29/08/2018;07:30:00;0
78160;78160;ACIDENTE;INHAMBUPE;BA;****;30/08/2018;13:40:00;2
78161;78161;ACIDENTE;TAQUARAÇU DE MINAS;MG;****;01/09/2018;18:00:00;0
78162;78162;ACIDENTE;SANTA RITA;PB;****;02/09/2018;13:35:00;2
78172;78172;ACIDENTE;VILA RICA;MT;****;05/09/2018;14:20:00;0
78185;78185;INCIDENTE;BELO HORIZONTE;MG;SBPR;05/09/2018;13:45:00;0
78171;78171;INCIDENTE GRAVE;SÃO PAULO;SP;SBMT;06/09/2018;16:28:00;0
78175;78175;ACIDENTE;ITAPACI;GO;****;06/09/2018;11:30:00;1
78174;78174;INCIDENTE;SALVADOR;BA;SBSV;07/09/2018;20:39:00;0
78176;78176;ACIDENTE;ARAÇATUBA;SP;SBAU;10/09/2018;11:02:00;1
78184;78184;INCIDENTE;BELO HORIZONTE;MG;SBPR;10/09/2018;19:28:00;0
78182;78182;ACIDENTE;BOA VIAGEM;CE;****;14/09/2018;11:30:00;0
78183;78183;ACIDENTE;IPUMIRIM;SC;****;15/09/2018;15:00:00;2
78187;78187;INCIDENTE;GUARULHOS;SP;SBGR;15/09/2018;22:40:00;0
78189;78189;INCIDENTE;SANTARÉM;PA;SNSH;18/09/2018;14:32:00;0
78188;78188;INCIDENTE;MANAUS;AM;SBEG;19/09/2018;15:50:00;0
78192;78192;INCIDENTE;LENÇÓIS;BA;SBLE;19/09/2018;20:30:00;0
78201;78201;INCIDENTE GRAVE;ÁGUA BOA;MT;SWHP;21/09/2018;21:30:00;0
78198;78198;ACIDENTE;ATIBAIA;SP;SDTB;22/09/2018;13:50:00;1
78230;78230;INCIDENTE GRAVE;TERESINA DE GOIÁS;GO;****;22/09/2018;18:15:00;0
78200;78200;ACIDENTE;FOZ DO IGUAÇU;PR;SBFI;24/09/2018;16:42:00;1
78205;78205;INCIDENTE;CAMPO GRANDE;AL;SBCG;25/09/2018;17:19:00;0
78203;78203;INCIDENTE GRAVE;SÃO PAULO;SP;SBGR;26/09/2018;15:47:00;0
78249;78249;INCIDENTE GRAVE;BEBEDOURO;SP;SDBB;26/09/2018;16:30:00;0
78202;78202;INCIDENTE;SÃO JOSÉ DO RIO PRETO;SP;SBSR;27/09/2018;10:45:00;0
78204;78204;INCIDENTE;BELO HORIZONTE;MG;SBBH;27/09/2018;17:00:00;0
78206;78206;INCIDENTE GRAVE;MANAUS;AM;SWFN;27/09/2018;21:55:00;0
78207;78207;ACIDENTE;RAPOSA;MA;SIPB;28/09/2018;20:50:00;0
78220;78220;INCIDENTE;GUARATINGUETÁ;SP;SBGW;28/09/2018;20:42:00;0
78208;78208;INCIDENTE;BELO HORIZONTE;MG;SBPR;29/09/2018;15:07:00;0
78213;78213;ACIDENTE;GUARABIRA;PB;****;29/09/2018;13:30:00;0
78231;78231;INCIDENTE GRAVE;ITAUÇU;GO;****;30/09/2018;18:15:00;0
78214;78214;INCIDENTE;BELO HORIZONTE;MG;SBBH;01/10/2018;14:04:00;0
78228;78228;INCIDENTE;VÁRZEA GRANDE;MT;SBCY;01/10/2018;14:20:00;0
78298;78298;INCIDENTE;BRASÍLIA;DF;****;04/10/2018;10:40:00;0
78233;78233;INCIDENTE;GOIÂNIA;GO;SBGO;05/10/2018;09:24:00;0
78235;78235;INCIDENTE GRAVE;PASSO FUNDO;RS;SBPF;08/10/2018;20:50:00;2
78237;78237;INCIDENTE;BELO HORIZONTE;MG;SBBH;09/10/2018;09:30:00;0
78247;78247;INCIDENTE;UBERABA;MG;SBUR;09/10/2018;02:00:00;0
78238;78238;ACIDENTE;BELMONTE;BA;****;11/10/2018;13:06:00;0
78240;78240;ACIDENTE;GUARUJÁ;SP;*****;11/10/2018;21:00:00;0
78241;78241;INCIDENTE GRAVE;EXTREMOZ;RN;****;12/10/2018;14:15:00;0
78239;78239;ACIDENTE;ENGENHEIRO COELHO;SP;****;13/10/2018;10:10:00;0
78243;78243;INCIDENTE;RIO DE JANEIRO;RJ;SBGL;13/10/2018;19:45:00;0
78246;78246;ACIDENTE;ESMERALDAS;MG;****;13/10/2018;19:00:00;0
78254;78254;INCIDENTE;MONTES CLAROS;MG;SBMK;16/10/2018;11:50:00;0
78260;78260;INCIDENTE;GOIÂNIA;GO;SBGO;16/10/2018;13:00:00;0
78256;78256;ACIDENTE;MARINGÁ;PR;SBMG;18/10/2018;18:10:00;1
78258;78258;INCIDENTE;SÃO PAULO;SP;SBMT;18/10/2018;22:45:00;0
78287;78287;INCIDENTE;AMERICANA;SP;****;18/10/2018;12:30:00;0
78293;78293;INCIDENTE;RIO DE JANEIRO;RJ;SBGL;19/10/2018;11:22:00;0
78263;78263;INCIDENTE GRAVE;BELO HORIZONTE;MG;SBPR;22/10/2018;18:00:00;0
78266;78266;INCIDENTE;VITÓRIA;ES;SBVT;22/10/2018;21:33:00;0
78264;78264;INCIDENTE;RIO DE JANEIRO;RJ;SBGL;23/10/2018;00:00:00;0
78273;78273;INCIDENTE;PORTO SEGURO;BA;SBTV;25/10/2018;18:28:00;0
78274;78274;INCIDENTE;CAMPINAS;SP;****;26/10/2018;22:33:00;0
78275;78275;ACIDENTE;PAUINI;AM;****;27/10/2018;22:10:00;0
78276;78276;ACIDENTE;MIRANDA;MS;****;30/10/2018;10:30:00;0
78282;78282;ACIDENTE;GUAPIAÇU;SP;****;30/10/2018;21:15:00;0
78334;78334;INCIDENTE;MANAUS;AM;SBEG;30/10/2018;18:50:00;0
78278;78278;INCIDENTE GRAVE;MACEIÓ;AL;SNGS;31/10/2018;20:15:00;0
78281;78281;INCIDENTE;JUNDIAÍ;SP;SBJD;01/11/2018;11:25:00;0
78284;78284;INCIDENTE;JUNDIAÍ;SP;SBJD;02/11/2018;04:58:00;0
78283;78283;ACIDENTE;MOGI DAS CRUZES;SP;****;03/11/2018;22:08:00;0
78291;78291;ACIDENTE;PEIXOTO DE AZEVEDO;MT;****;03/11/2018;16:30:00;0
78289;78289;ACIDENTE;PATOS DE MINAS;MG;****;04/11/2018;14:30:00;0
78300;78300;INCIDENTE;MANGARATIBA;RJ;SDPA;04/11/2018;12:45:00;0
78292;78292;INCIDENTE;SANTARÉM;PA;SBSN;09/11/2018;21:14:00;0
78296;78296;ACIDENTE;BRAGANÇA PAULISTA;SP;SBBP;09/11/2018;14:00:00;2
78339;78339;INCIDENTE GRAVE;GAMELEIRA;PE;****;10/11/2018;10:30:00;0
78295;78295;INCIDENTE;RIO DE JANEIRO;RJ;SBJR;11/11/2018;13:00:00;0
78317;78317;ACIDENTE;QUERÊNCIA;MT;****;11/11/2018;21:00:00;0
78308;78308;INCIDENTE;MACAÉ;RJ;9PHD;13/11/2018;11:48:00;0
78311;78311;ACIDENTE;MIRANDA;MS;****;13/11/2018;11:00:00;0
78306;78306;INCIDENTE;JUNDIAÍ;SP;SBJD;14/11/2018;09:40:00;0
78313;78313;INCIDENTE;CAMPINAS;SP;SBKP;14/11/2018;17:45:00;0
78309;78309;INCIDENTE;PARATY;RJ;SDTK;15/11/2018;15:15:00;0
78315;78315;INCIDENTE;SÃO PAULO;SP;SBMT;15/11/2018;12:29:00;0
78318;78318;INCIDENTE;MARECHAL THAUMATURGO;AC;SSMH;15/11/2018;17:30:00;0
78454;78454;INCIDENTE;RIO DE JANEIRO;RJ;****;15/11/2018;18:55:00;0
78310;78310;INCIDENTE;SÃO JOSÉ DOS CAMPOS;SP;SBSJ;16/11/2018;20:00:00;0
78312;78312;INCIDENTE GRAVE;MONTENEGRO;RS;SSNG;16/11/2018;18:01:00;0
78320;78320;INCIDENTE;RIBEIRÃO PRETO;SP;SBRP;16/11/2018;14:05:00;0
78316;78316;INCIDENTE;PONTA GROSSA;PR;SBPG;17/11/2018;19:26:00;0
78321;78321;INCIDENTE;BRAGANÇA PAULISTA;SP;****;17/11/2018;14:00:00;0
78314;78314;ACIDENTE;LAPA;PR;****;18/11/2018;20:00:00;1
78325;78325;INCIDENTE;RIO DE JANEIRO;RJ;SBRJ;19/11/2018;16:42:00;0
78340;78340;INCIDENTE;UBERLÂNDIA;MG;SBUL;19/11/2018;09:50:00;0
78322;78322;INCIDENTE;SÃO PAULO;SP;SBSP;20/11/2018;21:07:00;0
78324;78324;ACIDENTE;PELOTAS;RS;****;20/11/2018;17:12:00;0
78326;78326;INCIDENTE;RIBEIRÃO PRETO;SP;SBRP;21/11/2018;02:03:00;0
78330;78330;INCIDENTE GRAVE;VILA VELHA;ES;****;22/11/2018;13:50:00;0
78332;78332;INCIDENTE GRAVE;SÃO PAULO;SP;SBMT;24/11/2018;14:00:00;0
78333;78333;ACIDENTE;CAMPOS DO JORDÃO;SP;****;24/11/2018;12:50:00;0
78336;78336;INCIDENTE;ANDRADINA;SP;SDDN;26/11/2018;17:11:00;0
78337;78337;ACIDENTE;JEQUITAÍ;MG;SNJI;26/11/2018;08:30:00;0
78338;78338;INCIDENTE GRAVE;CRUZEIRO DO SUL;AC;SBCZ;27/11/2018;16:30:00;2
78342;78342;ACIDENTE;CALDAS NOVAS;GO;****;27/11/2018;10:40:00;0
78341;78341;INCIDENTE GRAVE;MANAUS;AM;SBEG;28/11/2018;19:43:00;9
78343;78343;INCIDENTE;PORTO VELHO;RO;****;28/11/2018;20:10:00;0
78347;78347;ACIDENTE;JATEÍ;MS;****;29/11/2018;18:00:00;0
78344;78344;ACIDENTE;SÃO PAULO;SP;****;30/11/2018;17:57:00;0
78350;78350;ACIDENTE;CÁCERES;MT;****;30/11/2018;12:20:00;1
78349;78349;INCIDENTE;CAMPINAS;SP;SBKP;01/12/2018;16:20:00;0
78348;78348;INCIDENTE GRAVE;GOIÂNIA;GO;SBGO;02/12/2018;12:31:00;0
78360;78360;INCIDENTE;GUARULHOS;SP;SBGR;02/12/2018;18:49:00;0
78375;78375;ACIDENTE;ALMEIRIM;PA;****;02/12/2018;15:00:00;0
78351;78351;INCIDENTE;CAMPOS DOS GOYTACAZES;RJ;SBCP;08/12/2018;13:20:00;0
78352;78352;ACIDENTE;ITAITUBA;PA;SNMD;08/12/2018;18:15:00;2
78353;78353;ACIDENTE;CAPITÓLIO;MG;SNDU;08/12/2018;15:42:00;0
78359;78359;ACIDENTE;SÃO GABRIEL DO OESTE;MS;****;08/12/2018;12:45:00;1
78356;78356;ACIDENTE;CHAPADÃO DO SUL;MS;****;09/12/2018;13:30:00;0
78354;78354;INCIDENTE;GUARULHOS;SP;SBGR;10/12/2018;23:30:00;0
78367;78367;ACIDENTE;GUAXUPÉ;MG;SNGX;10/12/2018;16:25:00;0
78357;78357;INCIDENTE;BIRITIBA-MIRIM;SP;SDIH;11/12/2018;14:03:00;0
78363;78363;INCIDENTE;SÃO PAULO;SP;SBMT;12/12/2018;18:11:00;0
78366;78366;INCIDENTE;BELÉM;AL;SBJC;13/12/2018;15:58:00;0
78368;78368;INCIDENTE GRAVE;ESPÍRITO SANTO DO TURVO;SP;****;14/12/2018;18:45:00;0
78370;78370;ACIDENTE;NOVA ANDRADINA;MS;****;14/12/2018;19:00:00;0
78379;78379;INCIDENTE;BELO HORIZONTE;MG;SBPR;14/12/2018;12:08:00;0
78371;78371;INCIDENTE GRAVE;CACEQUI;RS;****;17/12/2018;16:00:00;0
78372;78372;ACIDENTE;SÃO PAULO DE OLIVENÇA;AM;****;17/12/2018;21:00:00;2
78373;78373;INCIDENTE;NAVEGANTES;SC;SBNF;17/12/2018;16:46:00;0
78374;78374;INCIDENTE GRAVE;TERESINA;PI;SBTE;18/12/2018;22:23:00;0
78380;78380;INCIDENTE GRAVE;CONFINS;MG;SBCF;20/12/2018;03:43:00;5
78408;78408;INCIDENTE;CAMPOS DOS GOYTACAZES;RJ;SBCP;21/12/2018;18:15:00;0
78388;78388;INCIDENTE GRAVE;FORMOSA;GO;SWFR;22/12/2018;14:25:00;0
78383;78383;INCIDENTE GRAVE;MACEIÓ;AL;SBMO;23/12/2018;02:23:00;1
78384;78384;INCIDENTE;BELO HORIZONTE;MG;SBBH;25/12/2018;12:33:00;0
78387;78387;INCIDENTE;GUARULHOS;SP;SBGR;26/12/2018;11:20:00;0
78410;78410;INCIDENTE;GUARULHOS;SP;SBGR;27/12/2018;03:15:00;0
78390;78390;ACIDENTE;ARACAJU;SE;****;29/12/2018;15:30:00;1
78433;78433;INCIDENTE;CURITIBA;PR;SBCT;29/12/2018;14:30:00;0
78406;78406;INCIDENTE;GUARULHOS;SP;****;30/12/2018;17:30:00;0
78394;78394;ACIDENTE;CALDAS NOVAS;GO;****;31/12/2018;11:50:00;0
78391;78391;ACIDENTE;UBATUBA;SP;****;01/01/2019;12:55:00;0
78396;78396;INCIDENTE GRAVE;TUCURUÍ;PA;****;01/01/2019;20:10:00;0
78397;78397;ACIDENTE;PORTO BELO;SC;SDEN;01/01/2019;14:38:00;0
78411;78411;INCIDENTE GRAVE;RECIFE;PE;SBRF;02/01/2019;12:20:00;3
78522;78522;INCIDENTE GRAVE;ENGENHEIRO BELTRÃO;PR;****;03/01/2019;19:00:00;0
78405;78405;ACIDENTE;FRONTEIRA;MG;****;04/01/2019;11:00:00;0
78407;78407;ACIDENTE;RESTINGA SECA;RS;****;05/01/2019;18:10:00;1
78409;78409;INCIDENTE;CAMPO GRANDE;AL;SBCG;05/01/2019;20:12:00;0
78437;78437;INCIDENTE GRAVE;RIACHÃO;MA;****;05/01/2019;20:00:00;0
78526;78526;INCIDENTE;CRUZEIRO DO SUL;AC;SBCZ;07/01/2019;20:49:00;0
78412;78412;INCIDENTE GRAVE;ATIBAIA;SP;SDTB;08/01/2019;12:35:00;0
78416;78416;INCIDENTE;ITUMBIARA;GO;****;08/01/2019;19:00:00;0
78426;78426;ACIDENTE;ARROIO GRANDE;RS;****;08/01/2019;17:00:00;3
78427;78427;INCIDENTE;RIBEIRÃO PRETO;SP;SBRP;09/01/2019;10:57:00;0
78418;78418;INCIDENTE;RECIFE;PE;SBRF;10/01/2019;07:55:00;0
78429;78429;ACIDENTE;SÃO BORJA;RS;****;11/01/2019;13:45:00;0
78469;78469;INCIDENTE;CARAUARI;AM;****;11/01/2019;14:40:00;0
78428;78428;INCIDENTE;PIRENÓPOLIS;GO;****;12/01/2019;14:20:00;0
78430;78430;ACIDENTE;RIO VERDE DE MATO GROSSO;MS;****;12/01/2019;10:30:00;1
78432;78432;ACIDENTE;CASCAVEL;PR;****;12/01/2019;11:10:00;1
78435;78435;INCIDENTE;JOÃO PESSOA;PB;SBJP;12/01/2019;22:35:00;0
78439;78439;ACIDENTE;CAMPINAS DO SUL;RS;****;12/01/2019;19:30:00;0
78438;78438;ACIDENTE;RIO DE JANEIRO;RJ;****;14/01/2019;10:55:00;0
78442;78442;INCIDENTE;RIO DE JANEIRO;RJ;SBGL;15/01/2019;15:25:00;0
78444;78444;INCIDENTE;SÃO JOSÉ DOS CAMPOS;SP;SBSJ;16/01/2019;15:00:00;0
78445;78445;INCIDENTE;LONDRINA;PR;SBLO;16/01/2019;17:08:00;0
78459;78459;ACIDENTE;PARELHAS;RN;****;19/01/2019;19:30:00;0
78455;78455;ACIDENTE;JAGUARÉ;ES;****;21/01/2019;12:00:00;1
78460;78460;ACIDENTE;PIRACICABA;SP;****;21/01/2019;09:30:00;0
78467;78467;ACIDENTE;SÍTIO NOVO;MA;****;22/01/2019;10:40:00;0
78468;78468;INCIDENTE GRAVE;ITAQUIRAÍ;MS;****;23/01/2019;14:00:00;0
78471;78471;INCIDENTE;BELO HORIZONTE;MG;SBPR;23/01/2019;20:00:00;0
78479;78479;ACIDENTE;SIDROLÂNDIA;MS;****;24/01/2019;09:30:00;1
78472;78472;INCIDENTE GRAVE;SÃO JOÃO DEL REI;MG;SNJR;25/01/2019;19:00:00;0
78485;78485;ACIDENTE;GUAÍRA;SP;****;25/01/2019;10:00:00;1
78478;78478;ACIDENTE;ITAJAÍ;SC;SIJY;26/01/2019;15:00:00;0
78483;78483;INCIDENTE;FLORIANÓPOLIS;SC;SBFL;27/01/2019;20:00:00;0
78488;78488;INCIDENTE GRAVE;SALVADOR;BA;****;27/01/2019;18:50:00;2
78489;78489;INCIDENTE;SOROCABA;SP;SDCO;28/01/2019;19:00:00;0
78493;78493;ACIDENTE;PERUÍBE;SP;SSMW;28/01/2019;18:10:00;0
78494;78494;ACIDENTE;PONTES E LACERDA;MT;****;29/01/2019;14:30:00;0
78496;78496;INCIDENTE;PORTO ALEGRE;RS;SBPA;29/01/2019;18:05:00;0
78492;78492;INCIDENTE;CAMAQUÃ;RS;****;30/01/2019;13:10:00;0
78513;78513;INCIDENTE GRAVE;AVARÉ;SP;****;31/01/2019;11:02:00;2
78514;78514;ACIDENTE;SOROCABA;SP;SDCO;31/01/2019;14:14:00;0
78497;78497;INCIDENTE GRAVE;CARAUARI;AM;SWCA;01/02/2019;12:28:00;8
80368;80368;ACIDENTE;GOIÂNIA;GO;SBGO;01/02/2019;15:01:00;0
78498;78498;INCIDENTE;MONTE ALEGRE;PA;SNMA;02/02/2019;18:20:00;0
78516;78516;INCIDENTE GRAVE;RIO VERDE;GO;SWLC;02/02/2019;20:30:00;0
78499;78499;INCIDENTE;SALVADOR;BA;SBSV;03/02/2019;14:00:00;0
78518;78518;INCIDENTE GRAVE;JAPURÁ;AM;SWJP;03/02/2019;20:30:00;0
78517;78517;INCIDENTE;BRASÍLIA;DF;SBBR;05/02/2019;19:05:00;0
78523;78523;INCIDENTE;MARABÁ;PA;SBMA;05/02/2019;19:10:00;0
78520;78520;INCIDENTE;LONDRINA;PR;SBLO;06/02/2019;12:04:00;0
78525;78525;ACIDENTE;DOM PEDRITO;RS;****;06/02/2019;21:10:00;0
78527;78527;ACIDENTE;MAÇAMBARÁ;RS;****;06/02/2019;12:20:00;0
78536;78536;INCIDENTE;CONFINS;MG;SBCF;06/02/2019;09:22:00;0
78524;78524;INCIDENTE GRAVE;BARREIRINHAS;MA;SSRS;07/02/2019;18:00:00;0
78533;78533;INCIDENTE GRAVE;DIVINÓPOLIS;MG;SNDV;07/02/2019;19:00:00;0
78529;78529;INCIDENTE;SÃO JOSÉ DOS PINHAIS;PR;SBCT;08/02/2019;06:52:00;0
78528;78528;ACIDENTE;BARCELOS;AM;****;09/02/2019;13:40:00;2
78531;78531;INCIDENTE;SÃO PAULO;SP;SBMT;09/02/2019;23:14:00;0
78530;78530;INCIDENTE;SÃO PAULO;SP;SBSP;10/02/2019;20:45:00;0
78532;78532;ACIDENTE;SÃO PAULO;SP;****;11/02/2019;16:10:00;4
79089;79089;INCIDENTE;FOZ DO IGUAÇU;PR;*****;12/02/2019;18:30:00;0
78535;78535;ACIDENTE;BELÉM;PA;****;13/02/2019;14:20:00;0
78540;78540;INCIDENTE;CONFINS;MG;SBCF;15/02/2019;11:51:00;0
78542;78542;INCIDENTE;CAMPINAS;SP;****;15/02/2019;19:20:00;0
78559;78559;INCIDENTE;PORTO ALEGRE;RS;SBPA;15/02/2019;18:16:00;0
78538;78538;INCIDENTE;GUARULHOS;SP;SBGR;17/02/2019;12:39:00;0
78546;78546;INCIDENTE;LONDRINA;PR;SBLO;18/02/2019;11:03:00;0
78595;78595;INCIDENTE GRAVE;PARAÚNA;GO;****;19/02/2019;12:00:00;0
78544;78544;INCIDENTE;JUNDIAÍ;SP;SBJD;20/02/2019;14:45:00;0
78549;78549;INCIDENTE;RIO DE JANEIRO;RJ;SBGL;20/02/2019;01:20:00;0
78557;78557;INCIDENTE GRAVE;CAARAPÓ;MS;****;21/02/2019;11:30:00;0
78552;78552;ACIDENTE;LONDRINA;PR;SSOK;22/02/2019;14:00:00;1
78556;78556;INCIDENTE;GOIÂNIA;GO;SBGO;22/02/2019;14:30:00;0
78548;78548;ACIDENTE;JACAREACANGA;PA;****;23/02/2019;15:46:00;0
78550;78550;ACIDENTE;SÃO DESIDÉRIO;BA;####;23/02/2019;11:05:00;1
78551;78551;ACIDENTE;BIRITIBA-MIRIM;SP;SDIH;23/02/2019;22:00:00;0
78553;78553;INCIDENTE;GUARULHOS;SP;SBGR;24/02/2019;18:58:00;0
78554;78554;INCIDENTE;GUARULHOS;SP;SBGR;24/02/2019;01:00:00;0
78560;78560;INCIDENTE;BELO HORIZONTE;MG;SBBH;27/02/2019;17:50:00;0
78562;78562;INCIDENTE;CAMPINAS;SP;SBKP;01/03/2019;14:35:00;0
78563;78563;INCIDENTE;RIBEIRÃO PRETO;SP;SBRP;02/03/2019;13:00:00;0
78568;78568;INCIDENTE;RIO DE JANEIRO;RJ;SBGL;02/03/2019;20:00:00;0
78571;78571;INCIDENTE;CAMPO LARGO;PR;****;02/03/2019;19:25:00;0
78564;78564;ACIDENTE;RIO DE JANEIRO;RJ;SBGL;03/03/2019;20:35:00;3
78575;78575;INCIDENTE GRAVE;QUIRINÓPOLIS;GO;SJQN;05/03/2019;16:15:00;0
78570;78570;INCIDENTE;RIBEIRÃO PRETO;SP;SBRP;06/03/2019;01:44:00;0
78572;78572;INCIDENTE GRAVE;NOVO PROGRESSO;PA;****;06/03/2019;20:40:00;0
78576;78576;INCIDENTE;SÃO JOSÉ DOS CAMPOS;SP;SBSJ;08/03/2019;18:00:00;0
78578;78578;INCIDENTE;BELO HORIZONTE;MG;SBBH;08/03/2019;20:29:00;0
78601;78601;INCIDENTE;RIO DE JANEIRO;RJ;SBJR;08/03/2019;21:37:00;0
79494;79494;ACIDENTE;LUIZ ALVES;SC;****;08/03/2019;11:15:00;2
78579;78579;ACIDENTE;AQUIRAZ;CE;****;09/03/2019;17:40:00;2
78580;78580;INCIDENTE;GUARULHOS;SP;****;09/03/2019;10:40:00;0
78583;78583;INCIDENTE;CAMPINAS;SP;SBKP;09/03/2019;02:30:00;0
78587;78587;ACIDENTE;VILA NOVA DOS MARTÍRIOS;MA;****;09/03/2019;19:40:00;1
78582;78582;ACIDENTE;RIO PARDO;RS;****;11/03/2019;09:45:00;0
78585;78585;INCIDENTE;UBERABA;MG;****;11/03/2019;16:36:00;0
78586;78586;INCIDENTE;CURITIBA;PR;SBBI;12/03/2019;15:00:00;0
78589;78589;INCIDENTE;CAMPINAS;SP;SBKP;12/03/2019;22:57:00;0
78590;78590;INCIDENTE GRAVE;CAMPINAS;SP;SBKP;12/03/2019;22:30:00;6
78588;78588;INCIDENTE;GUARULHOS;SP;SBGR;13/03/2019;09:47:00;0
78591;78591;INCIDENTE;BARREIRAS;BA;SNBR;14/03/2019;18:17:00;0
78593;78593;INCIDENTE;BRASÍLIA;DF;SBBR;15/03/2019;14:10:00;0
78596;78596;INCIDENTE;COARI;AM;****;16/03/2019;12:55:00;0
78597;78597;INCIDENTE;BRASÍLIA;DF;****;16/03/2019;22:10:00;0
78603;78603;INCIDENTE;SÃO JOSÉ DOS PINHAIS;PR;SBCT;16/03/2019;03:20:00;0
78624;78624;INCIDENTE;PONTA PORÃ;MS;SBPP;17/03/2019;18:14:00;0
78616;78616;ACIDENTE;CAMPINA VERDE;MG;SNCV;18/03/2019;20:00:00;0
78599;78599;INCIDENTE GRAVE;TUPACIGUARA;MG;****;19/03/2019;15:21:00;0
78604;78604;INCIDENTE;SÃO JOSÉ DOS PINHAIS;PR;SBCT;20/03/2019;21:20:00;0
78605;78605;ACIDENTE;CAIABU;SP;SDQG;21/03/2019;20:00:00;0
78608;78608;ACIDENTE;SANTA INÊS;MA;SJBY;21/03/2019;11:20:00;0
78623;78623;INCIDENTE;NAVEGANTES;SC;SBNF;21/03/2019;14:59:00;0
78607;78607;ACIDENTE;MATÃO;SP;****;22/03/2019;12:30:00;2
78609;78609;ACIDENTE;CAFEZAL DO SUL;PR;****;22/03/2019;11:40:00;1
78610;78610;ACIDENTE;BENTO GONÇALVES;RS;SSBG;23/03/2019;18:08:00;0
78612;78612;ACIDENTE;BIRITIBA-MIRIM;SP;SDIH;23/03/2019;15:30:00;1
78619;78619;ACIDENTE;MONTIVIDIU;GO;****;24/03/2019;17:00:00;2
78617;78617;ACIDENTE;NOVA ANDRADINA;MS;****;25/03/2019;11:00:00;0
78628;78628;INCIDENTE;GAVIÃO PEIXOTO;SP;SBGP;26/03/2019;12:45:00;0
78620;78620;ACIDENTE;BOM JESUS DOS PERDÕES;SP;****;27/03/2019;13:36:00;0
78645;78645;INCIDENTE;FRANCISCO BELTRÃO;PR;SSFB;27/03/2019;17:09:00;0
78627;78627;INCIDENTE GRAVE;GOIATUBA;GO;****;29/03/2019;20:00:00;0
78626;78626;ACIDENTE;GUAPÉ;MG;SWFV;30/03/2019;15:10:00;0
78638;78638;INCIDENTE GRAVE;BELO HORIZONTE;MG;SBPR;30/03/2019;18:15:00;0
78625;78625;INCIDENTE;BELO HORIZONTE;MG;SBBH;31/03/2019;17:43:00;0
78629;78629;ACIDENTE;CAMPINAS;SP;****;01/04/2019;02:47:00;0
78631;78631;INCIDENTE;SÃO JOSÉ DOS PINHAIS;PR;SBCT;02/04/2019;18:02:00;0
78637;78637;INCIDENTE;FORTALEZA;CE;SBFZ;02/04/2019;21:27:00;0
78632;78632;INCIDENTE;JUNDIAÍ;SP;SBJD;03/04/2019;13:40:00;0
78636;78636;INCIDENTE;CONFINS;MG;SBCF;03/04/2019;20:38:00;0
78635;78635;INCIDENTE;OURO FINO;MG;SNOF;04/04/2019;00:00:00;0
78653;78653;INCIDENTE GRAVE;CORUMBÁ;MS;****;05/04/2019;12:55:00;0
78640;78640;ACIDENTE;ABADIA DE GOIÁS;GO;****;07/04/2019;20:00:00;0
78641;78641;ACIDENTE;SANTA ISABEL;GO;****;08/04/2019;12:00:00;0
78643;78643;ACIDENTE;BELO HORIZONTE;MG;SBPR;10/04/2019;12:00:00;2
78651;78651;INCIDENTE;BRASÍLIA;DF;SBBR;10/04/2019;08:24:00;0
78655;78655;ACIDENTE;RIACHÃO DAS NEVES;BA;****;11/04/2019;20:30:00;0
78650;78650;INCIDENTE;UBATUBA;SP;SDUB;12/04/2019;15:20:00;0
78652;78652;INCIDENTE GRAVE;GOIÂNIA;GO;SBNV;12/04/2019;19:15:00;0
78657;78657;INCIDENTE GRAVE;PORECATU;PR;****;12/04/2019;19:06:00;0
78661;78661;ACIDENTE;ALMEIRIM;PA;****;12/04/2019;16:00:00;0
79456;79456;ACIDENTE;NOVO PROGRESSO;PA;SJNP;12/04/2019;09:58:00;0
78656;78656;ACIDENTE;BELO HORIZONTE;MG;SBPR;13/04/2019;18:00:00;0
78662;78662;INCIDENTE;SÃO PAULO;SP;SBMT;15/04/2019;18:30:00;0
79064;79064;INCIDENTE GRAVE;GOIÂNIA;GO;SBGO;15/04/2019;09:35:00;1
78665;78665;INCIDENTE;CARAUARI;AM;SWCA;16/04/2019;14:52:00;0
78669;78669;INCIDENTE;PORTO ALEGRE;RS;SBPA;17/04/2019;13:34:00;0
78673;78673;INCIDENTE;SÃO PAULO;SP;SBMT;18/04/2019;15:40:00;0
78674;78674;INCIDENTE;SÃO JOSÉ DO RIO PRETO;SP;SBSR;18/04/2019;18:50:00;0
78799;78799;INCIDENTE GRAVE;CABO FRIO;RJ;****;18/04/2019;21:09:00;2
79061;79061;ACIDENTE;COARI;AM;****;19/04/2019;13:00:00;0
79066;79066;INCIDENTE GRAVE;GOIÂNIA;GO;****;19/04/2019;12:35:00;0
78684;78684;INCIDENTE;GUARULHOS;SP;SBGR;20/04/2019;14:24:00;0
79063;79063;INCIDENTE GRAVE;JAPERI;RJ;****;20/04/2019;19:23:00;0
78683;78683;INCIDENTE;GUARULHOS;SP;SBGR;21/04/2019;10:05:00;0
78699;78699;INCIDENTE;CAMPO NOVO DO PARECIS;MT;****;23/04/2019;16:40:00;0
79086;79086;INCIDENTE;SÃO PAULO;SP;SBGR;23/04/2019;01:00:00;0
78697;78697;INCIDENTE;SÃO PAULO;SP;SBMT;24/04/2019;13:29:00;0
78703;78703;ACIDENTE;RIBEIRÃO DAS NEVES;MG;****;24/04/2019;19:20:00;0
78707;78707;INCIDENTE GRAVE;VITÓRIA DA CONQUISTA;BA;****;26/04/2019;15:15:00;0
78710;78710;ACIDENTE;PARAGOMINAS;PA;****;26/04/2019;15:40:00;0
78713;78713;INCIDENTE;MANAUS;AM;SBEG;28/04/2019;17:18:00;0
78714;78714;ACIDENTE;PORTO BELO;SC;SDEN;28/04/2019;13:05:00;3
78830;78830;ACIDENTE;ESPIGÃO D'OESTE;RO;*****;28/04/2019;15:30:00;0
78715;78715;ACIDENTE;AMAPORÃ;PR;****;29/04/2019;19:15:00;0
78716;78716;INCIDENTE;SÃO PAULO;SP;SBGR;30/04/2019;21:03:00;0
78717;78717;ACIDENTE;VISCONDE DO RIO BRANCO;MG;****;01/05/2019;19:45:00;0
78718;78718;INCIDENTE;RECIFE;PE;SBRF;02/05/2019;10:01:00;0
78719;78719;INCIDENTE;RIO DE JANEIRO;RJ;SBJR;03/05/2019;16:15:00;0
78812;78812;ACIDENTE;CONCÓRDIA;SC;SSCK;03/05/2019;21:45:00;0
78813;78813;ACIDENTE;VILA RICA;MT;SWVC;03/05/2019;11:30:00;0
78814;78814;INCIDENTE;CAMPOS DOS GOYTACAZES;RJ;SBCP;03/05/2019;10:15:00;0
78810;78810;INCIDENTE;GUARULHOS;SP;SBGR;04/05/2019;21:00:00;0
78811;78811;INCIDENTE GRAVE;ITAQUIRAÍ;MS;****;04/05/2019;20:30:00;0
78797;78797;INCIDENTE;CONFINS;MG;SBCF;05/05/2019;20:21:00;0
78798;78798;INCIDENTE;RIO BRANCO;AC;SBRB;05/05/2019;23:45:00;0
78796;78796;ACIDENTE;NOVO ARIPUANÃ;AM;****;06/05/2019;15:00:00;0
78733;78733;INCIDENTE;RIBEIRÃO PRETO;SP;SBRP;07/05/2019;00:55:00;0
78795;78795;INCIDENTE;MATA DE SÃO JOÃO;BA;SNME;07/05/2019;17:10:00;0
78732;78732;ACIDENTE;SÃO JOÃO DEL REI;MG;****;08/05/2019;15:05:00;0
78728;78728;ACIDENTE;PARANAÍBA;MS;****;09/05/2019;12:30:00;0
78730;78730;ACIDENTE;PEROLÂNDIA;GO;****;09/05/2019;20:30:00;0
78731;78731;INCIDENTE;CURITIBA;PR;SBBI;09/05/2019;22:37:00;0
78727;78727;INCIDENTE;PRIMAVERA DO LESTE;MT;SWPY;10/05/2019;15:30:00;0
78828;78828;INCIDENTE GRAVE;JEQUIÉ;BA;SNJK;12/05/2019;20:40:00;0
78724;78724;INCIDENTE;CAMPOS DOS GOYTACAZES;RJ;SBFS;14/05/2019;22:15:00;0
78725;78725;INCIDENTE GRAVE;ÁGUA BOA;MT;SWHP;14/05/2019;18:10:00;0
78726;78726;INCIDENTE GRAVE;SANTA RITA;PB;****;14/05/2019;20:02:00;0
78722;78722;ACIDENTE;CAMPO GRANDE;MS;****;15/05/2019;10:05:00;0
78723;78723;INCIDENTE;MANAUS;AM;SBEG;15/05/2019;02:30:00;0
78712;78712;ACIDENTE;CANARANA;MT;SJBH;16/05/2019;10:00:00;1
78720;78720;INCIDENTE;CURITIBA;PR;SBBI;16/05/2019;14:14:00;0
78721;78721;INCIDENTE;MARABÁ;PA;SBMA;16/05/2019;13:29:00;0
78709;78709;ACIDENTE;BELÉM;PA;****;18/05/2019;15:50:00;1
78711;78711;INCIDENTE GRAVE;LUZIÂNIA;GO;****;18/05/2019;17:00:00;0
78708;78708;INCIDENTE;RIO DE JANEIRO;RJ;SBGL;19/05/2019;05:09:00;0
78702;78702;INCIDENTE;GUARULHOS;SP;****;20/05/2019;22:06:00;0
78704;78704;INCIDENTE;GUARULHOS;SP;SBGR;20/05/2019;19:25:00;0
78706;78706;INCIDENTE;SALVADOR;BA;SBSV;20/05/2019;10:28:00;0
78700;78700;INCIDENTE;BELO HORIZONTE;MG;****;22/05/2019;14:20:00;0
78701;78701;INCIDENTE GRAVE;GOIÂNIA;GO;****;22/05/2019;14:00:00;0
78698;78698;INCIDENTE;BELO HORIZONTE;MG;SBPR;23/05/2019;15:40:00;0
78696;78696;INCIDENTE;BELO HORIZONTE;MG;SBPR;26/05/2019;14:00:00;0
78695;78695;ACIDENTE;ESTÂNCIA;SE;****;27/05/2019;15:30:00;4
79067;79067;INCIDENTE GRAVE;RIBEIRÃO PRETO;SP;****;27/05/2019;11:42:00;0
79060;79060;ACIDENTE;SORRISO;MT;****;28/05/2019;10:30:00;0
79062;79062;INCIDENTE GRAVE;GUARANTÃ DO NORTE;MT;*****;29/05/2019;13:00:00;0
78735;78735;ACIDENTE;CAMPO MOURÃO;PR;****;06/06/2019;13:05:00;1
78855;78855;INCIDENTE GRAVE;BELO HORIZONTE;MG;*****;07/06/2019;15:57:00;0
78737;78737;ACIDENTE;CASCAVEL;PR;****;08/06/2019;20:25:00;1
78738;78738;ACIDENTE;IRANDUBA;AM;****;08/06/2019;16:45:00;1
79059;79059;ACIDENTE;VIAMÃO;RS;****;09/06/2019;19:00:00;0
78741;78741;INCIDENTE GRAVE;CAMPO GRANDE;MS;SSKG;12/06/2019;19:00:00;0
78740;78740;ACIDENTE;MANAUS;AM;SBEG;15/06/2019;16:10:00;7
78743;78743;ACIDENTE;LAGES;SC;SBLJ;18/06/2019;14:53:00;1
78744;78744;ACIDENTE;ITABORAÍ;RJ;****;22/06/2019;12:45:00;0
78746;78746;ACIDENTE;IBIRÁ;SP;SWYV;22/06/2019;21:00:00;0
78856;78856;INCIDENTE;CAMPINAS;SP;SBKP;23/06/2019;15:40:00;0
78747;78747;ACIDENTE;PARÁ DE MINAS;MG;****;25/06/2019;19:00:00;0
78748;78748;ACIDENTE;ITAITUBA;PA;SBIH;26/06/2019;14:50:00;0
78749;78749;ACIDENTE;CAMOCIM;CE;SNWC;27/06/2019;14:30:00;0
78857;78857;INCIDENTE;FLORIANÓPOLIS;SC;*****;28/06/2019;23:01:00;0
78858;78858;INCIDENTE;CAMPOS DOS GOYTACAZES;RJ;*****;28/06/2019;15:15:00;0
78750;78750;ACIDENTE;CANELA;RS;SSCN;29/06/2019;15:20:00;2
78751;78751;ACIDENTE;ALTA FLORESTA;MT;SWEN;30/06/2019;18:30:00;0
78859;78859;INCIDENTE;SÃO PAULO;SP;SSUB;30/06/2019;19:45:00;0
78752;78752;ACIDENTE;SANTA RITA DO PARDO;MS;****;02/07/2019;16:00:00;1
78860;78860;INCIDENTE;CUIABÁ;MT;*****;03/07/2019;15:00:00;0
78861;78861;INCIDENTE GRAVE;PACAJUS;CE;*****;03/07/2019;10:30:00;0
78862;78862;INCIDENTE;SÃO PAULO;SP;SBSP;03/07/2019;18:43:00;0
78863;78863;INCIDENTE;CAMPOS DOS GOYTACAZES;RJ;*****;05/07/2019;14:53:00;0
78864;78864;INCIDENTE;RIO BRANCO;AC;*****;05/07/2019;13:10:00;0
78865;78865;INCIDENTE;BRASÍLIA;DF;SBBR;05/07/2019;13:57:00;0
78866;78866;INCIDENTE;RIO DE JANEIRO;RJ;*****;05/07/2019;00:14:00;0
78753;78753;INCIDENTE GRAVE;CAMPO GRANDE;MS;SBCG;06/07/2019;14:35:00;0
78867;78867;INCIDENTE;IRACEMA;RR;*****;06/07/2019;00:00:00;0
78754;78754;ACIDENTE;CAROEBE;RR;****;07/07/2019;14:00:00;0
78868;78868;INCIDENTE;VITÓRIA;ES;*****;07/07/2019;12:00:00;0
78755;78755;ACIDENTE;ITAITUBA;PA;****;09/07/2019;17:00:00;0
78869;78869;INCIDENTE;SALVADOR;BA;SBSV;09/07/2019;22:00:00;0
78756;78756;INCIDENTE;PARANATINGA;MT;****;10/07/2019;14:30:00;0
78757;78757;ACIDENTE;ATIBAIA;SP;SBMT;12/07/2019;17:15:00;0
78758;78758;ACIDENTE;RIBEIRÃO PRETO;SP;SBRP;14/07/2019;13:55:00;1
78870;78870;INCIDENTE GRAVE;ITAPORANGA D'AJUDA;SE;*****;16/07/2019;18:05:00;0
79088;79088;INCIDENTE;VITÓRIA;ES;SBVT;17/07/2019;01:03:00;0
78759;78759;ACIDENTE;OROCÓ;PE;****;18/07/2019;20:30:00;2
78872;78872;INCIDENTE;BRASÍLIA;DF;*****;18/07/2019;01:00:00;0
78760;78760;ACIDENTE;AMERICANA;SP;SDAI;20/07/2019;14:40:00;0
79593;79593;INCIDENTE;SANTO ANTÔNIO DA PLATINA;PR;*****;20/07/2019;11:00:00;0
78761;78761;ACIDENTE;ATIBAIA;SP;SDTB;21/07/2019;14:00:00;0
78762;78762;ACIDENTE;BRAGANÇA PAULISTA;SP;SDVH;21/07/2019;20:00:00;0
78873;78873;INCIDENTE;SÃO JOSÉ DOS CAMPOS;SP;SBSJ;22/07/2019;15:07:00;0
78763;78763;ACIDENTE;IPIXUNA;AM;****;23/07/2019;21:00:00;0
78764;78764;ACIDENTE;COARI;AM;****;23/07/2019;22:15:00;1
79085;79085;INCIDENTE;RIO DE JANEIRO;RJ;****;24/07/2019;22:45:00;0
78765;78765;ACIDENTE;AUTAZES;AM;****;25/07/2019;11:20:00;0
78874;78874;INCIDENTE;RIO DE JANEIRO;RJ;SBGL;25/07/2019;11:19:00;0
78766;78766;ACIDENTE;CRUZEIRO DO SUL;AC;SBCZ;26/07/2019;21:40:00;1
78875;78875;INCIDENTE;PORTO ALEGRE;RS;*****;26/07/2019;07:45:00;0
78767;78767;ACIDENTE;ITAITUBA;PA;****;27/07/2019;19:00:00;0
78768;78768;ACIDENTE;BRAGANÇA PAULISTA;SP;SDVH;27/07/2019;17:15:00;1
78876;78876;INCIDENTE;SÃO PAULO;SP;*****;27/07/2019;23:15:00;0
78877;78877;INCIDENTE GRAVE;JACUPIRANGA;SP;*****;27/07/2019;14:25:00;0
78878;78878;INCIDENTE;CARAUARI;AM;*****;28/07/2019;17:41:00;0
78879;78879;INCIDENTE;CASCAVEL;PR;SBCA;28/07/2019;20:00:00;0
78880;78880;INCIDENTE;RECIFE;PE;SBRF;31/07/2019;13:50:00;0
78881;78881;INCIDENTE GRAVE;FELIXLÂNDIA;MG;*****;31/07/2019;09:00:00;0
78882;78882;INCIDENTE GRAVE;JAGUARÉ;ES;*****;01/08/2019;12:30:00;0
78883;78883;INCIDENTE;SÃO PAULO;SP;*****;03/08/2019;17:30:00;0
78884;78884;INCIDENTE;BOITUVA;SP;SDCO;03/08/2019;21:09:00;0
78769;78769;ACIDENTE;ORIXIMINÁ;PA;****;04/08/2019;17:30:00;0
78885;78885;INCIDENTE;CAMPINAS;SP;*****;04/08/2019;16:08:00;0
78886;78886;INCIDENTE;JUNDIAÍ;SP;SBJD;05/08/2019;19:28:00;0
78887;78887;INCIDENTE;RECIFE;PE;*****;05/08/2019;12:10:00;0
78888;78888;INCIDENTE;FLORIANÓPOLIS;SC;*****;06/08/2019;13:06:00;0
78770;78770;ACIDENTE;MANAUS;AM;SWFN;07/08/2019;14:10:00;0
78889;78889;INCIDENTE GRAVE;LAVRAS;MG;*****;07/08/2019;16:19:00;0
78890;78890;INCIDENTE;GOIÂNIA;GO;*****;07/08/2019;14:20:00;0
78891;78891;INCIDENTE;NAVEGANTES;SC;*****;07/08/2019;18:50:00;0
78892;78892;INCIDENTE;CONFINS;MG;*****;07/08/2019;08:37:00;0
78893;78893;INCIDENTE;CUIABÁ;MT;SBCY;07/08/2019;22:00:00;0
78894;78894;INCIDENTE;CANELA;RS;SSCN;07/08/2019;16:55:00;0
78771;78771;INCIDENTE GRAVE;TERESINA;PI;SBTE;08/08/2019;20:40:00;0
78895;78895;INCIDENTE;SÃO PAULO;SP;SBSP;08/08/2019;17:45:00;0
78896;78896;INCIDENTE;PORTO BELO;SC;SDEN;08/08/2019;12:15:00;0
79665;79665;INCIDENTE GRAVE;TERESINA;PI;****;08/08/2019;20:40:00;2
78897;78897;INCIDENTE;CAMPO GRANDE;MS;SBCG;09/08/2019;14:00:00;0
78898;78898;INCIDENTE GRAVE;UBATUBA;SP;SDUB;09/08/2019;12:35:00;0
78899;78899;INCIDENTE;CONFINS;MG;*****;10/08/2019;14:29:00;0
78772;78772;ACIDENTE;ALTAMIRA;PA;****;11/08/2019;17:00:00;0
78900;78900;INCIDENTE GRAVE;CABREÚVA;SP;*****;11/08/2019;12:40:00;0
78901;78901;INCIDENTE;SÃO PAULO;SP;SBMT;12/08/2019;14:49:00;0
78902;78902;INCIDENTE GRAVE;IMPERATRIZ;MA;SBIZ;14/08/2019;02:25:00;0
78903;78903;INCIDENTE;CAMPINAS;SP;SBKP;15/08/2019;04:47:00;0
78773;78773;ACIDENTE;PIRAQUARA;PR;SISY;17/08/2019;12:00:00;3
78904;78904;INCIDENTE;PORTO VELHO;RO;SBPV;18/08/2019;18:43:00;0
78905;78905;INCIDENTE;MACAPÁ;AP;SBMQ;19/08/2019;19:16:00;0
78906;78906;INCIDENTE;BARCELOS;AM;*****;19/08/2019;12:30:00;0
78907;78907;INCIDENTE;FLORIANÓPOLIS;SC;SBFL;19/08/2019;09:20:00;0
78774;78774;ACIDENTE;EUNÁPOLIS;BA;****;20/08/2019;18:00:00;4
78775;78775;ACIDENTE;SINOP;MT;****;20/08/2019;20:35:00;0
78908;78908;INCIDENTE;SALVADOR;BA;*****;21/08/2019;12:00:00;0
78909;78909;INCIDENTE;MANGARATIBA;RJ;*****;21/08/2019;17:30:00;0
78911;78911;INCIDENTE;CONFINS;MG;*****;22/08/2019;00:12:00;0
78910;78910;INCIDENTE;RIO DE JANEIRO;RJ;*****;23/08/2019;01:00:00;0
78913;78913;INCIDENTE;RECIFE;PE;*****;24/08/2019;03:22:00;0
78776;78776;ACIDENTE;BURITI ALEGRE;GO;****;25/08/2019;00:30:00;0
78912;78912;INCIDENTE GRAVE;BRAGANÇA PAULISTA;SP;SDVH;25/08/2019;20:50:00;0
78914;78914;INCIDENTE GRAVE;GARIBALDI;RS;SSGA;25/08/2019;12:00:00;0
78915;78915;INCIDENTE;BRASÍLIA;DF;SBBR;25/08/2019;02:06:00;0
78916;78916;INCIDENTE;BRASÍLIA;DF;*****;27/08/2019;21:15:00;0
78917;78917;INCIDENTE;CAMPINAS;SP;*****;27/08/2019;12:10:00;0
78918;78918;INCIDENTE;CAMPINAS;SP;*****;27/08/2019;03:23:00;0
78919;78919;INCIDENTE;CAMPO GRANDE;MS;SBCG;29/08/2019;14:10:00;0
79106;79106;ACIDENTE;RONDONÓPOLIS;MT;****;29/08/2019;12:00:00;0
78920;78920;INCIDENTE;BELO HORIZONTE;MG;*****;30/08/2019;10:45:00;0
78921;78921;INCIDENTE;JUAZEIRO DO NORTE;CE;SBJU;02/09/2019;08:00:00;0
79105;79105;ACIDENTE;CAMPO DO TENENTE;PR;****;02/09/2019;17:10:00;0
78922;78922;INCIDENTE;RIO DE JANEIRO;RJ;*****;03/09/2019;22:59:00;0
78923;78923;INCIDENTE GRAVE;CANUTAMA;AM;*****;03/09/2019;14:00:00;0
78924;78924;INCIDENTE;RIO DE JANEIRO;RJ;*****;03/09/2019;12:23:00;0
78777;78777;ACIDENTE;PIEDADE;SP;****;04/09/2019;18:30:00;0
78778;78778;ACIDENTE;ITAITUBA;PA;****;04/09/2019;18:30:00;0
78779;78779;ACIDENTE;RIO GRANDE;RS;****;05/09/2019;10:50:00;1
78927;78927;INCIDENTE;TERESINA;PI;*****;05/09/2019;00:25:00;0
78925;78925;INCIDENTE;BELÉM;PA;*****;06/09/2019;11:39:00;0
78926;78926;INCIDENTE;SINOP;MT;*****;06/09/2019;14:27:00;0
78780;78780;ACIDENTE;ATIBAIA;SP;SDTB;07/09/2019;20:00:00;0
78781;78781;ACIDENTE;ITAGUARA;MG;****;07/09/2019;20:02:00;0
78782;78782;ACIDENTE;IVINHEMA;MS;****;08/09/2019;17:45:00;0
78928;78928;INCIDENTE;RIO DE JANEIRO;RJ;SBJR;08/09/2019;15:10:00;0
78929;78929;INCIDENTE;PORTO ESPERIDIÃO;MT;SWEW;10/09/2019;16:10:00;0
78930;78930;INCIDENTE;SÃO PAULO;SP;SBMT;10/09/2019;20:01:00;0
79087;79087;INCIDENTE;GUARULHOS;SP;SBGR;11/09/2019;03:09:00;0
78932;78932;INCIDENTE GRAVE;ESMERALDAS;MG;*****;12/09/2019;20:00:00;0
78783;78783;ACIDENTE;RIO VERDE;GO;****;13/09/2019;17:00:00;0
78933;78933;INCIDENTE GRAVE;TRINDADE;GO;*****;13/09/2019;19:40:00;0
78784;78784;INCIDENTE GRAVE;ITAITUBA;PA;SBIH;16/09/2019;20:30:00;0
78785;78785;ACIDENTE;MANAUS;AM;SBEG;16/09/2019;16:26:00;0
78786;78786;ACIDENTE;GUARANTÃ DO NORTE;MT;****;16/09/2019;22:12:00;0
78934;78934;INCIDENTE;SÃO PAULO;SP;SBMT;16/09/2019;10:10:00;0
78935;78935;INCIDENTE GRAVE;PIEDADE;SP;*****;16/09/2019;17:19:00;0
78936;78936;INCIDENTE;CAMPO GRANDE;MS;*****;18/09/2019;13:13:00;0
78937;78937;INCIDENTE GRAVE;AQUIDAUANA;MS;*****;18/09/2019;21:00:00;0
78938;78938;INCIDENTE;RIO DE JANEIRO;RJ;SDCO;19/09/2019;18:08:00;0
78939;78939;INCIDENTE;UBERLÂNDIA;MG;*****;19/09/2019;15:21:00;0
78940;78940;INCIDENTE GRAVE;PORTO WALTER;AC;*****;20/09/2019;15:00:00;0
78941;78941;INCIDENTE;CANTAGALO;RJ;*****;21/09/2019;12:00:00;0
79123;79123;ACIDENTE;ANTONINA;PR;****;21/09/2019;18:30:00;0
78942;78942;INCIDENTE;GUARULHOS;SP;*****;22/09/2019;23:48:00;0
78943;78943;INCIDENTE;SANTA MARIA;RS;*****;22/09/2019;17:30:00;0
78944;78944;INCIDENTE;CURITIBA;PR;*****;22/09/2019;00:00:00;0
78945;78945;INCIDENTE GRAVE;NÃO IDENTIFICADA;AC;SIMB;23/09/2019;15:30:00;0
78946;78946;INCIDENTE;ELDORADO DO SUL;RS;*****;24/09/2019;18:30:00;0
78947;78947;INCIDENTE;OROCÓ;PE;*****;25/09/2019;14:30:00;0
78948;78948;INCIDENTE GRAVE;MARECHAL THAUMATURGO;AC;*****;25/09/2019;17:25:00;0
78951;78951;INCIDENTE;CAMPINAS;SP;*****;25/09/2019;02:53:00;0
78787;78787;ACIDENTE;IVATÉ;PR;****;26/09/2019;13:00:00;0
78949;78949;INCIDENTE GRAVE;GUARAPUAVA;PR;*****;26/09/2019;15:28:00;0
78950;78950;INCIDENTE;MARINGÁ;PR;*****;26/09/2019;00:14:00;0
78952;78952;INCIDENTE;ARAÇATUBA;SP;*****;28/09/2019;15:50:00;0
78788;78788;ACIDENTE;APUÍ;AM;****;29/09/2019;15:00:00;0
78953;78953;INCIDENTE;BRAGANÇA PAULISTA;SP;SBBP;29/09/2019;13:15:00;0
78954;78954;INCIDENTE;CUIABÁ;MT;*****;29/09/2019;02:47:00;0
78789;78789;ACIDENTE;IPAUSSU;SP;****;30/09/2019;20:00:00;0
78955;78955;INCIDENTE;BELO HORIZONTE;MG;*****;30/09/2019;19:34:00;0
78956;78956;INCIDENTE;CURITIBA;PR;*****;30/09/2019;16:54:00;0
78957;78957;INCIDENTE;CUIABÁ;MT;*****;30/09/2019;15:30:00;0
78958;78958;INCIDENTE;PORTO ALEGRE;RS;*****;30/09/2019;10:45:00;0
78959;78959;INCIDENTE;RIO DE JANEIRO;RJ;SBJR;01/10/2019;14:00:00;0
78960;78960;INCIDENTE;RECIFE;PE;*****;01/10/2019;13:24:00;0
78961;78961;INCIDENTE GRAVE;COLNIZA;MT;*****;04/10/2019;10:40:00;0
78962;78962;INCIDENTE;BRASÍLIA;DF;*****;06/10/2019;15:57:00;0
78963;78963;INCIDENTE;FAXINAL;PR;*****;07/10/2019;20:08:00;0
78965;78965;INCIDENTE;FLORIANÓPOLIS;SC;*****;07/10/2019;01:58:00;0
78964;78964;INCIDENTE;BELO HORIZONTE;MG;*****;08/10/2019;21:20:00;0
78966;78966;INCIDENTE;CURITIBA;PR;*****;11/10/2019;15:00:00;0
79119;79119;ACIDENTE;SÃO JOSÉ DO RIO CLARO;MT;****;11/10/2019;10:00:00;0
78967;78967;INCIDENTE GRAVE;RIO DE JANEIRO;RJ;*****;12/10/2019;14:42:00;0
78790;78790;ACIDENTE;TAUBATÉ;SP;SBTA;13/10/2019;12:40:00;0
78968;78968;INCIDENTE GRAVE;ROSÁRIO OESTE;MT;*****;13/10/2019;10:00:00;0
78969;78969;INCIDENTE;CAMPINAS;SP;*****;15/10/2019;22:18:00;0
78971;78971;INCIDENTE;GUARULHOS;SP;*****;15/10/2019;00:36:00;0
78970;78970;INCIDENTE;CAMPINAS;SP;*****;16/10/2019;09:20:00;0
80258;80258;ACIDENTE;TANGARÁ DA SERRA;MT;SWTS;16/10/2019;14:30:00;1
78972;78972;INCIDENTE;CAMPINAS;SP;SBKP;17/10/2019;19:47:00;0
78973;78973;INCIDENTE;LONDRINA;PR;*****;17/10/2019;09:25:00;0
78974;78974;INCIDENTE;PARECI NOVO;RS;*****;17/10/2019;21:13:00;0
78975;78975;INCIDENTE;GOIÂNIA;GO;SBGO;17/10/2019;22:00:00;0
78976;78976;INCIDENTE;CAMPINAS;SP;****;17/10/2019;00:36:00;0
78977;78977;INCIDENTE;SÃO CARLOS;SP;SDSC;17/10/2019;00:00:00;0
78792;78792;INCIDENTE GRAVE;JUNDIAÍ;SP;SBJD;18/10/2019;20:15:00;0
78978;78978;INCIDENTE;CAMPINAS;SP;*****;18/10/2019;11:16:00;0
78979;78979;INCIDENTE;CAMPINAS;SP;SBKP;18/10/2019;17:40:00;0
78982;78982;INCIDENTE;RIO DE JANEIRO;RJ;*****;18/10/2019;00:46:00;0
78793;78793;ACIDENTE;PARÁ DE MINAS;MG;SNPA;19/10/2019;10:26:00;1
78980;78980;INCIDENTE GRAVE;BELO HORIZONTE;MG;*****;19/10/2019;10:30:00;0
78981;78981;INCIDENTE GRAVE;ARARAS;SP;*****;19/10/2019;19:15:00;0
78983;78983;INCIDENTE;SÃO JOSÉ DOS CAMPOS;SP;*****;19/10/2019;14:00:00;0
78984;78984;INCIDENTE;BOA VISTA;RR;*****;20/10/2019;14:11:00;0
78985;78985;INCIDENTE;MANAUS;AM;*****;20/10/2019;17:55:00;0
78745;78745;ACIDENTE;BELO HORIZONTE;MG;****;21/10/2019;11:15:00;0
78986;78986;INCIDENTE;RIO DE JANEIRO;RJ;*****;21/10/2019;10:35:00;0
78987;78987;INCIDENTE;BELO HORIZONTE;MG;*****;22/10/2019;18:18:00;0
79117;79117;ACIDENTE;ASSIS BRASIL;AC;****;23/10/2019;15:00:00;0
78988;78988;INCIDENTE;BRAGANÇA PAULISTA;SP;*****;24/10/2019;10:15:00;0
78989;78989;INCIDENTE;CAMPINAS;SP;*****;24/10/2019;17:40:00;0
78990;78990;INCIDENTE GRAVE;NOVA UBIRATÃ;MT;*****;24/10/2019;11:30:00;0
78991;78991;INCIDENTE GRAVE;LUCAS DO RIO VERDE;MT;*****;26/10/2019;20:45:00;0
78992;78992;INCIDENTE;SALVADOR;BA;*****;26/10/2019;14:07:00;0
78993;78993;INCIDENTE GRAVE;CAÇAPAVA;SP;*****;26/10/2019;18:47:00;0
78994;78994;INCIDENTE;POUSO ALEGRE;MG;*****;27/10/2019;13:35:00;0
78995;78995;INCIDENTE;SÃO JOSÉ;SC;*****;28/10/2019;13:30:00;0
78996;78996;INCIDENTE;CAMPINAS;SP;*****;28/10/2019;02:15:00;0
78997;78997;INCIDENTE;BELO HORIZONTE;MG;*****;30/10/2019;13:06:00;0
78998;78998;INCIDENTE GRAVE;SÃO PAULO;SP;*****;31/10/2019;11:15:00;0
78742;78742;ACIDENTE;LUZIÂNIA;GO;SWUZ;01/11/2019;20:45:00;0
78999;78999;INCIDENTE;GUARULHOS;SP;*****;01/11/2019;18:36:00;0
79000;79000;INCIDENTE GRAVE;QUIRINÓPOLIS;GO;*****;01/11/2019;21:10:00;0
79001;79001;INCIDENTE;RODEIO;SC;*****;06/11/2019;12:02:00;0
79002;79002;INCIDENTE;PORTO ALEGRE;RS;*****;06/11/2019;04:15:00;0
79003;79003;INCIDENTE;BRAGANÇA PAULISTA;SP;*****;07/11/2019;15:10:00;0
79004;79004;INCIDENTE;VILA BELA DA SANTÍSSIMA TRINDADE;MT;*****;07/11/2019;18:05:00;0
79005;79005;INCIDENTE;BRASÍLIA;DF;*****;10/11/2019;21:34:00;0
79006;79006;INCIDENTE;RIBEIRÃO PRETO;SP;*****;11/11/2019;15:30:00;0
78831;78831;ACIDENTE;SANTARÉM;PA;*****;12/11/2019;18:30:00;0
78832;78832;ACIDENTE;MARAÚ;BA;SIRI;14/11/2019;17:17:00;4
79007;79007;INCIDENTE;PORTO ALEGRE;RS;*****;14/11/2019;20:00:00;0
79008;79008;INCIDENTE;LONDRINA;PR;*****;14/11/2019;20:45:00;0
79009;79009;INCIDENTE;FLORIANÓPOLIS;SC;*****;15/11/2019;14:50:00;0
79010;79010;INCIDENTE;CAMPINAS;SP;*****;15/11/2019;04:37:00;0
78834;78834;ACIDENTE;CASCAVEL;PR;*****;17/11/2019;20:30:00;0
79104;79104;ACIDENTE;ELIAS FAUSTO;SP;****;17/11/2019;15:45:00;0
79011;79011;INCIDENTE;RECIFE;PE;SBRF;20/11/2019;23:47:00;0
79012;79012;INCIDENTE;PICOS;PI;SNPC;20/11/2019;16:45:00;0
78833;78833;ACIDENTE;SÃO PAULO;SP;SBMT;21/11/2019;14:30:00;0
79013;79013;INCIDENTE;LUCAS DO RIO VERDE;MT;SILC;22/11/2019;08:30:00;0
79014;79014;INCIDENTE;CAMPINAS;SP;*****;23/11/2019;03:27:00;0
79015;79015;INCIDENTE;LONDRINA;PR;*****;23/11/2019;16:14:00;0
79016;79016;INCIDENTE;MACEIÓ;AL;*****;24/11/2019;10:42:00;0
79017;79017;INCIDENTE;CAMPOS DOS GOYTACAZES;RJ;*****;24/11/2019;11:20:00;0
78835;78835;ACIDENTE;MANAUS;AM;SWFN;25/11/2019;18:53:00;0
78836;78836;ACIDENTE;PENÁPOLIS;SP;****;25/11/2019;09:40:00;1
79018;79018;INCIDENTE;CAMPINAS;SP;*****;26/11/2019;18:08:00;0
78837;78837;ACIDENTE;CLÁUDIA;MT;****;27/11/2019;13:52:00;0
79019;79019;INCIDENTE;PALMAS;TO;SBPJ;27/11/2019;14:20:00;0
78838;78838;ACIDENTE;SANTA MARGARIDA DO SUL;RS;*****;28/11/2019;07:30:00;0
79020;79020;INCIDENTE;PORTO ALEGRE;RS;*****;28/11/2019;13:35:00;0
78839;78839;ACIDENTE;GUARARAPES;SP;SDGR;29/11/2019;21:55:00;1
79021;79021;INCIDENTE;LONDRINA;PR;SBLO;29/11/2019;21:10:00;0
79022;79022;INCIDENTE;RIO DE JANEIRO;RJ;SBGL;30/11/2019;01:49:00;0
79032;79032;ACIDENTE;CAIEIRAS;SP;****;02/12/2019;09:00:00;0
79023;79023;INCIDENTE;RECIFE;PE;*****;03/12/2019;12:45:00;0
79024;79024;INCIDENTE;QUIXADÁ;CE;SNQX;03/12/2019;11:10:00;0
79033;79033;ACIDENTE;OURILÂNDIA DO NORTE;PA;****;03/12/2019;13:50:00;0
79025;79025;INCIDENTE GRAVE;VERA;MT;*****;04/12/2019;20:00:00;0
79026;79026;INCIDENTE;RIO DE JANEIRO;RJ;SBGL;05/12/2019;15:30:00;0
79027;79027;INCIDENTE;LONDRINA;PR;SSOK;06/12/2019;14:45:00;0
79034;79034;ACIDENTE;RIO GRANDE;RS;****;06/12/2019;10:50:00;1
79028;79028;INCIDENTE;CURITIBA;PR;SBBI;07/12/2019;20:23:00;0
79083;79083;INCIDENTE;RECIFE;PE;****;07/12/2019;18:50:00;0
79082;79082;INCIDENTE;CONFINS;MG;****;10/12/2019;15:00:00;0
79029;79029;INCIDENTE;FLORIANÓPOLIS;SC;SBFL;11/12/2019;13:31:00;0
79035;79035;ACIDENTE;SÃO MANOEL DO PARANÁ;PR;****;13/12/2019;21:40:00;2
79081;79081;INCIDENTE;LONDRINA;PR;SBLO;13/12/2019;13:20:00;0
79030;79030;INCIDENTE GRAVE;BRAGANÇA PAULISTA;SP;*****;16/12/2019;09:00:00;0
79039;79039;INCIDENTE GRAVE;GOIÂNIA;GO;SBGO;16/12/2019;12:20:00;0
79080;79080;INCIDENTE;BELO HORIZONTE;MG;****;16/12/2019;12:40:00;0
79240;79240;INCIDENTE;RIBAS DO RIO PARDO;MS;****;16/12/2019;19:45:00;0
79079;79079;INCIDENTE;SÃO PAULO;SP;****;17/12/2019;10:45:00;0
79038;79038;INCIDENTE GRAVE;GOIÂNIA;GO;SBGO;18/12/2019;14:30:00;0
79078;79078;INCIDENTE;RIO DE JANEIRO;RJ;****;18/12/2019;01:48:00;0
79037;79037;INCIDENTE;BRASÍLIA;DF;SBBR;19/12/2019;21:40:00;0
79077;79077;INCIDENTE;SÃO PAULO;SP;****;19/12/2019;22:35:00;0
79042;79042;ACIDENTE;TUPACIGUARA;MG;****;20/12/2019;20:30:00;2
79076;79076;INCIDENTE;CARAUARI;AM;SWCA;20/12/2019;15:00:00;0
79203;79203;INCIDENTE;FLORIANÓPOLIS;SC;SBFL;20/12/2019;16:37:00;0
79523;79523;INCIDENTE GRAVE;CURITIBA;PR;SBBI;22/12/2019;17:40:00;0
79036;79036;ACIDENTE;ARROIO GRANDE;RS;****;23/12/2019;19:00:00;0
79050;79050;ACIDENTE;FEIJÓ;AC;****;23/12/2019;20:15:00;0
79057;79057;ACIDENTE;LEOPOLDO DE BULHÕES;GO;*****;23/12/2019;11:30:00;0
79075;79075;INCIDENTE;CAMPINAS;SP;****;24/12/2019;09:00:00;0
79048;79048;ACIDENTE;ITAMBÉ;PR;****;25/12/2019;20:00:00;0
79073;79073;INCIDENTE;PORTO ALEGRE;RS;****;26/12/2019;18:50:00;0
79074;79074;INCIDENTE;BELO HORIZONTE;MG;****;26/12/2019;22:30:00;0
79071;79071;INCIDENTE;CAMPINAS;SP;****;27/12/2019;21:20:00;0
79072;79072;INCIDENTE;CHAPECÓ;SC;****;27/12/2019;23:24:00;0
79045;79045;ACIDENTE;GUAÍRA;SP;****;28/12/2019;09:30:00;0
79070;79070;INCIDENTE;BELÉM;PA;****;30/12/2019;18:55:00;0
79068;79068;INCIDENTE;BELÉM;PA;****;31/12/2019;22:55:00;0
79102;79102;ACIDENTE;JUIZ DE FORA;MG;SBJF;31/12/2019;18:20:00;0
79043;79043;ACIDENTE;CAMANDUCAIA;MG;SNEJ;01/01/2020;21:00:00;1
79044;79044;INCIDENTE GRAVE;SALVADOR;BA;SBSV;03/01/2020;16:35:00;0
79049;79049;ACIDENTE;LEME;SP;****;03/01/2020;21:15:00;1
79132;79132;INCIDENTE;SÃO MATEUS;ES;****;03/01/2020;14:10:00;0
79182;79182;INCIDENTE;GOIÂNIA;GO;SBGO;03/01/2020;11:10:00;0
79051;79051;INCIDENTE;SALVADOR;BA;SBSV;04/01/2020;13:30:00;0
79052;79052;INCIDENTE;CAMPINAS;SP;SBKP;05/01/2020;17:15:00;0
79054;79054;INCIDENTE;CAMPINAS;SP;SBKP;08/01/2020;13:30:00;0
79055;79055;ACIDENTE;RONDONÓPOLIS;MT;SWMZ;09/01/2020;20:00:00;0
79056;79056;INCIDENTE;CONFINS;MG;SBRF;09/01/2020;18:44:00;0
79134;79134;INCIDENTE;ERECHIM;RS;SSER;09/01/2020;20:52:00;0
79130;79130;INCIDENTE;RIBEIRÃO PRETO;SP;SBRP;10/01/2020;21:09:00;0
79109;79109;ACIDENTE;TAMBOARA;PR;****;11/01/2020;08:30:00;0
79135;79135;INCIDENTE;CUIABÁ;MT;****;11/01/2020;16:37:00;0
79136;79136;INCIDENTE;BRASÍLIA;DF;****;12/01/2020;02:32:00;0
79118;79118;INCIDENTE GRAVE;CURITIBA;PR;SBBI;13/01/2020;20:10:00;0
79120;79120;ACIDENTE;CRUZ ALTA;RS;*****;15/01/2020;09:30:00;1
79140;79140;INCIDENTE;BELO HORIZONTE;MG;SBCF;15/01/2020;10:43:00;0
79141;79141;INCIDENTE;CAMPINAS;SP;*****;15/01/2020;14:53:00;0
79142;79142;INCIDENTE;SALVADOR;BA;****;15/01/2020;10:43:00;0
79262;79262;INCIDENTE;SÃO PAULO;SP;SBMT;15/01/2020;18:13:00;0
79100;79100;INCIDENTE GRAVE;LADÁRIO;MS;SSVA;16/01/2020;16:15:00;0
79125;79125;INCIDENTE GRAVE;CAUCAIA;CE;SBFZ;16/01/2020;01:10:00;2
79143;79143;INCIDENTE;CURITIBA;PR;SBCT;16/01/2020;13:05:00;0
79179;79179;ACIDENTE;SÃO PAULO;SP;****;16/01/2020;12:00:00;1
79098;79098;ACIDENTE;GUIRATINGA;MT;****;17/01/2020;15:30:00;0
79099;79099;INCIDENTE GRAVE;EDÉIA;GO;****;17/01/2020;21:00:00;0
79211;79211;INCIDENTE;CAARAPÓ;MS;****;17/01/2020;19:00:00;0
79121;79121;ACIDENTE;RIO BRANCO;AC;****;18/01/2020;15:15:00;0
79147;79147;INCIDENTE;RIO DE JANEIRO;RJ;SBGL;19/01/2020;14:30:00;0
79266;79266;INCIDENTE;PARÁ DE MINAS;MG;SNPA;19/01/2020;09:10:00;0
79148;79148;INCIDENTE;CUIABÁ;MT;SBCY;22/01/2020;17:40:00;0
79149;79149;INCIDENTE;FORTALEZA;CE;SBFZ;22/01/2020;17:10:00;0
79153;79153;INCIDENTE;CAMPINAS;SP;****;22/01/2020;03:24:00;0
79154;79154;INCIDENTE;CAMPINAS;SP;****;23/01/2020;14:00:00;0
79155;79155;INCIDENTE GRAVE;BALSAS;MA;****;24/01/2020;13:30:00;0
79156;79156;INCIDENTE;SOROCABA;SP;****;24/01/2020;16:27:00;0
79157;79157;INCIDENTE;NAVEGANTES;SC;SBNF;24/01/2020;16:57:00;0
79124;79124;ACIDENTE;LEME;SP;SDLL;25/01/2020;17:00:00;1
79126;79126;ACIDENTE;LEME;SP;SDLL;25/01/2020;18:00:00;0
79158;79158;INCIDENTE;UBERLÂNDIA;MG;SBUL;25/01/2020;18:28:00;0
79268;79268;INCIDENTE;SÃO PAULO;SP;****;26/01/2020;19:08:00;0
79160;79160;INCIDENTE;NAVEGANTES;SC;SBNF;27/01/2020;18:18:00;0
79161;79161;INCIDENTE;CAMPINAS;SP;****;27/01/2020;02:21:00;0
79097;79097;ACIDENTE;SERRANÓPOLIS;GO;****;28/01/2020;10:30:00;1
79162;79162;INCIDENTE;CAMPINAS;SP;****;28/01/2020;17:00:00;0
79164;79164;INCIDENTE;MANAUS;AM;SBEG;28/01/2020;19:42:00;0
79165;79165;INCIDENTE;GUARULHOS;SP;****;28/01/2020;15:40:00;0
79101;79101;INCIDENTE;SÃO FÉLIX DO ARAGUAIA;MT;SWFX;29/01/2020;16:55:00;0
79166;79166;INCIDENTE;CAMPINAS;SP;****;29/01/2020;19:02:00;0
79708;79708;INCIDENTE;BELO HORIZONTE;MG;SBCF;29/01/2020;11:50:00;0
79096;79096;INCIDENTE;GOIÂNIA;GO;SBNV;30/01/2020;13:00:00;0
79167;79167;INCIDENTE;LONDRINA;PR;SBLO;31/01/2020;18:30:00;0
79168;79168;INCIDENTE;CAMPINAS;SP;SBKP;31/01/2020;01:42:00;0
79094;79094;INCIDENTE;PALMAS;TO;SBPJ;01/02/2020;14:00:00;0
79169;79169;INCIDENTE;CAMPINAS;SP;****;01/02/2020;02:12:00;0
79180;79180;ACIDENTE;TEÓFILO OTONI;MG;****;01/02/2020;20:52:00;0
79267;79267;INCIDENTE;FLORIANÓPOLIS;SC;SBFL;01/02/2020;15:41:00;0
79110;79110;ACIDENTE;CAROLINA;MA;****;03/02/2020;19:00:00;0
79226;79226;INCIDENTE;SÃO PAULO;SP;SBSP;03/02/2020;21:03:00;0
79331;79331;INCIDENTE;PONTES E LACERDA;MT;****;03/02/2020;00:00:00;0
79107;79107;ACIDENTE;AMAJARI;RR;****;04/02/2020;18:00:00;0
79111;79111;ACIDENTE;SANTO ÂNGELO;RS;SBNM;04/02/2020;20:30:00;4
79127;79127;ACIDENTE;SANTARÉM;PA;****;06/02/2020;20:50:00;0
79170;79170;INCIDENTE;CAMPINAS;SP;****;06/02/2020;13:08:00;0
79171;79171;INCIDENTE;TRÊS MARIAS;MG;SIBO;06/02/2020;18:00:00;0
79128;79128;ACIDENTE;COROMANDEL;MG;****;07/02/2020;19:10:00;1
79172;79172;INCIDENTE;CAMPINAS;SP;****;07/02/2020;03:20:00;0
79129;79129;ACIDENTE;ITARIRI;SP;****;08/02/2020;12:00:00;2
79173;79173;INCIDENTE;GUARULHOS;SP;****;08/02/2020;14:30:00;0
79115;79115;ACIDENTE;URUAÇU;GO;****;10/02/2020;21:35:00;0
79269;79269;INCIDENTE;RIO DE JANEIRO;RJ;****;10/02/2020;02:00:00;0
79131;79131;ACIDENTE;ÁGUA BOA;MT;****;12/02/2020;11:20:00;2
79175;79175;INCIDENTE;PORTO ALEGRE;RS;SBPA;12/02/2020;13:48:00;0
79137;79137;INCIDENTE GRAVE;GOIÂNIA;GO;****;14/02/2020;18:47:00;0
79176;79176;INCIDENTE GRAVE;JACAREZINHO;PR;****;14/02/2020;15:10:00;0
79177;79177;INCIDENTE;PORTO ALEGRE;RS;****;14/02/2020;15:41:00;0
79138;79138;INCIDENTE GRAVE;RIO VERDE;GO;****;15/02/2020;13:20:00;0
79270;79270;INCIDENTE;RIO DE JANEIRO;RJ;****;16/02/2020;20:08:00;0
79464;79464;INCIDENTE;SÃO GONÇALO DO AMARANTE;RN;SBSG;16/02/2020;01:30:00;0
79178;79178;INCIDENTE GRAVE;RIO DE JANEIRO;RJ;SBJR;17/02/2020;19:33:00;0
79196;79196;ACIDENTE;INACIOLÂNDIA;GO;****;17/02/2020;11:20:00;0
79261;79261;INCIDENTE;CAMPINAS;SP;****;17/02/2020;10:44:00;0
79186;79186;INCIDENTE GRAVE;RIO VERDE;GO;****;18/02/2020;11:40:00;0
79198;79198;ACIDENTE;PATROCÍNIO;MG;****;19/02/2020;16:15:00;2
79206;79206;ACIDENTE;GUARAPARI;ES;SNGA;19/02/2020;18:50:00;2
79185;79185;INCIDENTE;MANAUS;AM;****;20/02/2020;12:24:00;0
79195;79195;ACIDENTE;PORTO VELHO;RO;****;20/02/2020;14:45:00;1
79201;79201;INCIDENTE;QUERÊNCIA;MT;****;20/02/2020;20:00:00;0
79221;79221;INCIDENTE;JUNDIAÍ;SP;SBJD;20/02/2020;15:30:00;0
79183;79183;INCIDENTE GRAVE;CURITIBA;PR;SBBI;22/02/2020;15:20:00;0
79184;79184;INCIDENTE;SÃO FÉLIX DO ARAGUAIA;MT;****;23/02/2020;13:00:00;0
79241;79241;INCIDENTE;NOVA ANDRADINA;MS;SDVK;24/02/2020;15:25:00;0
79199;79199;ACIDENTE;PARACATU;MG;****;25/02/2020;10:30:00;1
79222;79222;INCIDENTE;LONDRINA;PR;SBLO;25/02/2020;16:08:00;0
79223;79223;ACIDENTE;GUARUJÁ;SP;****;25/02/2020;13:50:00;0
79224;79224;INCIDENTE;PIRACICABA;SP;SDPW;25/02/2020;02:10:00;0
79255;79255;INCIDENTE;MACEIÓ;AL;****;26/02/2020;08:30:00;0
79291;79291;INCIDENTE;SALVADOR;BA;****;26/02/2020;22:06:00;0
79293;79293;INCIDENTE;CAMPINAS;SP;****;26/02/2020;15:50:00;0
79294;79294;INCIDENTE;FLORIANÓPOLIS;SC;SBFL;26/02/2020;21:00:00;0
79197;79197;INCIDENTE GRAVE;VILA RICA;MT;****;27/02/2020;11:30:00;0
79204;79204;ACIDENTE;COLNIZA;MT;*****;28/02/2020;16:00:00;0
79210;79210;ACIDENTE;IVATÉ;PR;****;28/02/2020;16:30:00;1
79218;79218;INCIDENTE;SALVADOR;BA;SBSV;29/02/2020;15:41:00;0
79207;79207;INCIDENTE GRAVE;CUIABÁ;MT;SBCY;01/03/2020;23:00:00;0
79212;79212;ACIDENTE;VIANA;ES;****;01/03/2020;15:12:00;0
79217;79217;INCIDENTE;SÃO LUÍS;MA;****;01/03/2020;19:40:00;0
79214;79214;INCIDENTE;CAMPOS DOS GOYTACAZES;RJ;****;02/03/2020;12:50:00;0
79216;79216;INCIDENTE;BELO HORIZONTE;MG;SBBH;03/03/2020;18:25:00;0
79462;79462;INCIDENTE;RIBEIRÃO PRETO;SP;SBRP;03/03/2020;19:42:00;0
79215;79215;INCIDENTE;RIO DE JANEIRO;RJ;****;04/03/2020;21:30:00;0
79225;79225;INCIDENTE;MANTENA;MG;****;04/03/2020;12:04:00;0
79292;79292;INCIDENTE;CAMPINAS;SP;****;04/03/2020;22:50:00;0
79213;79213;ACIDENTE;RIO CLARO;SP;SDRK;05/03/2020;20:00:00;5
79231;79231;ACIDENTE;VILHENA;RO;SNIZ;07/03/2020;09:00:00;2
79230;79230;INCIDENTE;ARAGUAÍNA;TO;SDVO;08/03/2020;11:00:00;0
79710;79710;INCIDENTE;BELO HORIZONTE;MG;SBCF;08/03/2020;12:07:00;0
79220;79220;INCIDENTE;SÃO PAULO;SP;****;09/03/2020;11:00:00;0
79232;79232;ACIDENTE;TABOÃO DA SERRA;SP;****;09/03/2020;19:50:00;0
79251;79251;INCIDENTE GRAVE;ITÁPOLIS;SP;SDIO;09/03/2020;12:30:00;0
79252;79252;INCIDENTE;RIO DE JANEIRO;RJ;****;09/03/2020;23:20:00;0
79253;79253;INCIDENTE;IGUARAÇU;PR;****;09/03/2020;11:51:00;0
79233;79233;ACIDENTE;BAURU;SP;****;10/03/2020;19:30:00;1
79249;79249;INCIDENTE;CAMPINAS;SP;****;10/03/2020;23:51:00;0
79250;79250;INCIDENTE;RIO DE JANEIRO;RJ;****;10/03/2020;10:28:00;0
79248;79248;INCIDENTE GRAVE;BRAGANÇA PAULISTA;SP;SBBP;12/03/2020;12:30:00;0
79228;79228;ACIDENTE;QUERÊNCIA;MT;****;13/03/2020;10:00:00;1
79234;79234;ACIDENTE;TEFÉ;AM;SBTF;13/03/2020;08:30:00;0
79247;79247;INCIDENTE;SÃO PAULO;SP;****;14/03/2020;14:35:00;0
79238;79238;INCIDENTE;BELO HORIZONTE;MG;SBPR;15/03/2020;15:19:00;0
79246;79246;INCIDENTE;CAMPINAS;SP;****;15/03/2020;01:35:00;0
79237;79237;INCIDENTE GRAVE;MACAPÁ;AP;SBMQ;16/03/2020;20:50:00;0
79243;79243;ACIDENTE;JACAREACANGA;PA;****;16/03/2020;18:19:00;0
79288;79288;INCIDENTE;GUARULHOS;SP;****;16/03/2020;14:40:00;0
79235;79235;ACIDENTE;GARUVA;SC;****;18/03/2020;14:00:00;0
79236;79236;INCIDENTE;PARÁ DE MINAS;MG;SNPA;18/03/2020;11:00:00;0
79242;79242;INCIDENTE GRAVE;VILA RICA;MT;SNLF;19/03/2020;13:30:00;0
79245;79245;INCIDENTE;RECIFE;PE;****;19/03/2020;01:04:00;0
79244;79244;INCIDENTE;GUARULHOS;SP;****;20/03/2020;16:29:00;0
79265;79265;ACIDENTE;SÃO FRANCISCO DO SUL;SC;****;21/03/2020;22:51:00;0
79289;79289;INCIDENTE;UBERLÂNDIA;MG;****;23/03/2020;13:00:00;0
79314;79314;INCIDENTE;CAMPINAS;SP;SBKP;23/03/2020;12:45:00;0
79256;79256;ACIDENTE;ALTO PARNAÍBA;MA;****;24/03/2020;20:30:00;0
79286;79286;INCIDENTE;GUARULHOS;SP;SBGR;24/03/2020;14:25:00;0
79297;79297;INCIDENTE;SANTARÉM;PA;SWPI;25/03/2020;22:25:00;0
79284;79284;INCIDENTE;SOROCABA;SP;****;26/03/2020;09:00:00;0
79257;79257;ACIDENTE;SÃO FÉLIX DO XINGU;PA;****;27/03/2020;18:35:00;0
79287;79287;INCIDENTE;CUIABÁ;MT;****;31/03/2020;20:06:00;0
79259;79259;ACIDENTE;IBIRUBÁ;RS;****;01/04/2020;10:30:00;1
79275;79275;INCIDENTE;SÃO VICENTE;SP;****;01/04/2020;20:30:00;0
79276;79276;INCIDENTE;ITAÍ;SP;****;01/04/2020;20:01:00;0
79272;79272;INCIDENTE GRAVE;FRUTAL;MG;****;03/04/2020;13:00:00;0
79273;79273;INCIDENTE;SÃO PAULO;SP;SBMT;03/04/2020;14:30:00;0
79274;79274;INCIDENTE;IMPERATRIZ;MA;SBIZ;03/04/2020;15:30:00;0
79279;79279;INCIDENTE;CURITIBA;PR;SBBI;03/04/2020;12:28:00;0
79263;79263;ACIDENTE;NOVA MUTUM;MT;****;06/04/2020;09:30:00;0
79278;79278;INCIDENTE;LONDRINA;PR;****;06/04/2020;16:53:00;0
79277;79277;INCIDENTE;GOIANÉSIA DO PARÁ;PA;****;08/04/2020;11:00:00;0
79283;79283;INCIDENTE;SÃO PAULO;SP;SBMT;09/04/2020;14:30:00;0
79303;79303;INCIDENTE;TAMBAÚ;SP;****;09/04/2020;13:00:00;0
79281;79281;ACIDENTE;IBITINGA;SP;****;11/04/2020;07:10:00;0
79282;79282;ACIDENTE;ITURAMA;MG;****;11/04/2020;12:20:00;0
79285;79285;ACIDENTE;CAMPO VERDE;MT;****;13/04/2020;16:30:00;0
79305;79305;INCIDENTE GRAVE;BOA VISTA;RR;SBBV;13/04/2020;20:52:00;0
79304;79304;INCIDENTE;JUNDIAÍ;SP;SBJD;14/04/2020;20:25:00;0
79296;79296;INCIDENTE;CAMPO GRANDE;MS;SSIE;15/04/2020;14:30:00;0
79298;79298;INCIDENTE;QUIRINÓPOLIS;GO;****;15/04/2020;18:35:00;0
79309;79309;ACIDENTE;RIO DE JANEIRO;RJ;****;17/04/2020;14:30:00;0
79319;79319;INCIDENTE;LONDRINA;PR;****;17/04/2020;20:50:00;0
79299;79299;INCIDENTE GRAVE;GUARANTÃ DO NORTE;MT;****;18/04/2020;23:00:00;0
79301;79301;ACIDENTE;BREJINHO DE NAZARÉ;TO;****;18/04/2020;13:30:00;1
79307;79307;INCIDENTE GRAVE;BURITIS;MG;****;18/04/2020;17:45:00;0
79308;79308;ACIDENTE;SÃO MATEUS DO MARANHÃO;MA;****;18/04/2020;13:00:00;0
79327;79327;ACIDENTE;BIRIGUI;SP;****;18/04/2020;20:00:00;0
79300;79300;INCIDENTE;SANTA RITA DO TRIVELATO;MT;*****;21/04/2020;13:10:00;0
79302;79302;ACIDENTE;TOLEDO;PR;****;21/04/2020;20:21:00;0
79315;79315;ACIDENTE;COLÍDER;MT;****;21/04/2020;15:00:00;0
79326;79326;ACIDENTE;JAGUARÉ;ES;****;21/04/2020;18:00:00;0
79313;79313;INCIDENTE;SÃO PAULO;SP;SBMT;22/04/2020;16:20:00;0
79318;79318;INCIDENTE;RIBEIRÃO PRETO;SP;SBRP;24/04/2020;17:41:00;0
79349;79349;INCIDENTE;CURITIBA;PR;SBBI;26/04/2020;13:00:00;0
79657;79657;INCIDENTE;UBERLÂNDIA;MG;****;26/04/2020;13:30:00;0
79317;79317;ACIDENTE;MANAUS;AM;SWFN;27/04/2020;12:30:00;4
79316;79316;INCIDENTE;ITAPERUNA;RJ;****;29/04/2020;07:30:00;0
79321;79321;INCIDENTE;GUARULHOS;SP;SBGR;29/04/2020;14:45:00;0
79324;79324;INCIDENTE;BAURU;SP;SBBU;30/04/2020;22:51:00;0
79330;79330;INCIDENTE GRAVE;SÃO JOAQUIM DA BARRA;SP;SDJO;30/04/2020;13:10:00;0
79323;79323;ACIDENTE;BLUMENAU;SC;SSBL;01/05/2020;14:40:00;2
79325;79325;ACIDENTE;GOIÂNIA;GO;****;02/05/2020;20:30:00;0
79328;79328;INCIDENTE;LONDRINA;PR;SBLO;05/05/2020;19:55:00;0
79329;79329;INCIDENTE GRAVE;FORTALEZA;CE;SBFZ;05/05/2020;20:46:00;2
79355;79355;INCIDENTE;LONDRINA;PR;SBLO;10/05/2020;13:52:00;0
79332;79332;INCIDENTE GRAVE;GOIÂNIA;GO;*****;11/05/2020;14:25:00;0
79339;79339;INCIDENTE GRAVE;BREVES;PA;****;11/05/2020;12:05:00;0
79333;79333;INCIDENTE GRAVE;CAÇU;GO;****;13/05/2020;15:00:00;0
79345;79345;ACIDENTE;VOTUPORANGA;SP;SBSR;14/05/2020;21:40:00;0
79338;79338;INCIDENTE;IVINHEMA;MS;*****;15/05/2020;09:40:00;0
79346;79346;ACIDENTE;ILHOTA;SC;****;15/05/2020;11:40:00;0
79347;79347;ACIDENTE;SÃO BENEDITO;CE;****;15/05/2020;21:35:00;0
79357;79357;INCIDENTE;SÃO PAULO;SP;SBGR;15/05/2020;14:40:00;0
79360;79360;INCIDENTE;CURITIBA;PR;SBBI;15/05/2020;11:48:00;0
79340;79340;ACIDENTE;LÁBREA;AM;SWLB;16/05/2020;21:50:00;0
79350;79350;INCIDENTE;RECIFE;PE;SBRF;16/05/2020;17:20:00;0
79359;79359;ACIDENTE;MACATUBA;SP;****;17/05/2020;18:30:00;1
79341;79341;INCIDENTE GRAVE;VARGINHA;MG;****;18/05/2020;20:00:00;0
79342;79342;INCIDENTE;RECIFE;PE;SBRF;18/05/2020;19:00:00;0
79344;79344;INCIDENTE;COARI;AM;SBUY;18/05/2020;19:20:00;0
79361;79361;INCIDENTE GRAVE;PACAJÁ;PA;****;19/05/2020;10:00:00;0
79365;79365;ACIDENTE;TIETÊ;SP;SDET;19/05/2020;10:40:00;2
79356;79356;INCIDENTE GRAVE;IRAUÇUBA;CE;****;22/05/2020;15:20:00;0
79358;79358;ACIDENTE;BELO HORIZONTE;MG;SBPR;23/05/2020;11:12:00;0
79366;79366;INCIDENTE;MATÃO;SP;SDLY;25/05/2020;14:15:00;0
79367;79367;INCIDENTE;FLORIANÓPOLIS;SC;SBFL;25/05/2020;19:45:00;0
79454;79454;INCIDENTE GRAVE;GUARAMIRIM;SC;SJVL;25/05/2020;20:30:00;0
79351;79351;INCIDENTE GRAVE;ITUMBIARA;GO;SBIT;26/05/2020;10:30:00;0
79363;79363;INCIDENTE GRAVE;RIO DE JANEIRO;RJ;SBJR;27/05/2020;15:16:00;0
79378;79378;INCIDENTE;PARÁ DE MINAS;MG;SNPA;28/05/2020;16:30:00;0
79368;79368;INCIDENTE;BRASÍLIA;DF;SIQE;30/05/2020;20:26:00;0
79362;79362;ACIDENTE;TIJUCAS;SC;*****;31/05/2020;13:54:00;0
79371;79371;INCIDENTE;CAMPINAS;SP;SBKP;01/06/2020;12:50:00;0
79372;79372;INCIDENTE;RIO DE JANEIRO;RJ;SBRJ;03/06/2020;21:23:00;0
79381;79381;INCIDENTE;ARAÇATUBA;SP;SBAU;04/06/2020;15:00:00;0
79392;79392;INCIDENTE;GUARULHOS;SP;SBGR;05/06/2020;12:30:00;0
79503;79503;INCIDENTE;FORTALEZA;CE;SBFZ;05/06/2020;14:20:00;0
79383;79383;INCIDENTE;BELÉM;PA;SBBE;08/06/2020;19:03:00;0
79396;79396;INCIDENTE;LONDRINA;PR;SBLO;08/06/2020;16:47:00;0
79380;79380;INCIDENTE;RIO DE JANEIRO;RJ;9PAA;09/06/2020;14:35:00;0
79384;79384;INCIDENTE;PORTO VELHO;RO;SBPV;09/06/2020;01:30:00;0
79385;79385;INCIDENTE GRAVE;OURILÂNDIA DO NORTE;PA;*****;09/06/2020;19:50:00;0
79395;79395;INCIDENTE;GUARULHOS;SP;SBGR;09/06/2020;12:05:00;0
79400;79400;INCIDENTE;IBIRAMA;SC;****;09/06/2020;14:00:00;0
79386;79386;INCIDENTE;BRAGANÇA PAULISTA;SP;SBBP;10/06/2020;15:00:00;0
79405;79405;ACIDENTE;DOURADOS;MS;****;10/06/2020;15:00:00;0
79388;79388;INCIDENTE;SÃO PAULO;SP;SBMT;12/06/2020;23:41:00;0
79391;79391;INCIDENTE;SANTOS;SP;SBST;12/06/2020;19:30:00;0
79397;79397;ACIDENTE;CORRENTINA;BA;****;12/06/2020;09:10:00;3
79399;79399;INCIDENTE;BAURU;SP;SBBU;12/06/2020;17:35:00;0
79393;79393;INCIDENTE;LÁBREA;AM;SWLB;14/06/2020;16:00:00;0
79404;79404;ACIDENTE;TANGARÁ DA SERRA;MT;****;14/06/2020;12:35:00;0
79398;79398;INCIDENTE;BAURU;SP;SBBU;15/06/2020;18:20:00;0
79402;79402;INCIDENTE GRAVE;CAMPO MAGRO;PR;****;17/06/2020;18:30:00;0
79472;79472;INCIDENTE;ALTO ALEGRE;RR;SJYG;17/06/2020;22:10:00;0
79403;79403;INCIDENTE GRAVE;PAULÍNIA;SP;****;18/06/2020;16:17:00;0
79407;79407;ACIDENTE;SÃO DESIDÉRIO;BA;****;20/06/2020;16:30:00;0
79412;79412;INCIDENTE GRAVE;QUADRA;SP;SIVQ;20/06/2020;20:00:00;0
79406;79406;INCIDENTE;SOROCABA;SP;SDCO;21/06/2020;14:15:00;0
79420;79420;INCIDENTE;LONDRINA;PR;SBLO;21/06/2020;22:07:00;0
79415;79415;INCIDENTE;CAMARAGIBE;PE;****;23/06/2020;16:00:00;0
79434;79434;INCIDENTE;VITÓRIA;ES;****;23/06/2020;02:00:00;0
79414;79414;ACIDENTE;BIRITIBA-MIRIM;SP;SDIH;24/06/2020;13:50:00;0
79419;79419;INCIDENTE;GUARAPUAVA;PR;SSGG;24/06/2020;17:25:00;0
79429;79429;ACIDENTE;ARAPONGAS;PR;SSOG;26/06/2020;19:30:00;0
79425;79425;INCIDENTE;RIO DE JANEIRO;RJ;SBJR;30/06/2020;14:25:00;0
79427;79427;INCIDENTE;VITÓRIA;ES;SBVT;30/06/2020;15:30:00;0
79422;79422;INCIDENTE;NATAL;RN;SBSG;01/07/2020;13:40:00;0
79432;79432;ACIDENTE;RESERVA;PR;****;02/07/2020;18:30:00;0
79423;79423;ACIDENTE;CAJATI;SP;****;04/07/2020;12:05:00;2
79444;79444;INCIDENTE;NAVEGANTES;SC;SBNF;04/07/2020;11:29:00;0
79424;79424;INCIDENTE;RIBEIRÃO PRETO;SP;SBRP;05/07/2020;20:16:00;0
79430;79430;ACIDENTE;RIO DE JANEIRO;RJ;****;06/07/2020;17:40:00;0
79428;79428;INCIDENTE;CAMPINAS;SP;SBKP;07/07/2020;10:06:00;0
79431;79431;INCIDENTE;GUARULHOS;SP;SBGR;07/07/2020;13:40:00;0
79437;79437;ACIDENTE;SÃO PAULO;SP;****;08/07/2020;21:09:00;0
79436;79436;ACIDENTE;GUARULHOS;SP;****;09/07/2020;20:30:00;0
79490;79490;ACIDENTE;SÃO JOÃO DO CAIUÁ;PR;****;09/07/2020;18:30:00;0
79438;79438;INCIDENTE GRAVE;CURRALINHO;PA;###!;10/07/2020;13:00:00;0
79440;79440;INCIDENTE;SAPEZAL;MT;SJIF;10/07/2020;21:15:00;0
79439;79439;INCIDENTE GRAVE;PIRACICABA;SP;SDPW;11/07/2020;19:50:00;0
79441;79441;INCIDENTE;CURITIBA;PR;SBBI;12/07/2020;16:14:00;0
79445;79445;ACIDENTE;ALTA FLORESTA D'OESTE;RO;****;16/07/2020;18:30:00;0
79446;79446;ACIDENTE;ÁLVARES MACHADO;SP;SDEM;16/07/2020;13:30:00;0
79447;79447;ACIDENTE;NÃO IDENTIFICADA;RO;****;19/07/2020;13:30:00;0
79448;79448;INCIDENTE;CHAPADÃO DO SUL;MS;SDRV;20/07/2020;16:30:00;0
79451;79451;ACIDENTE;IBIÚNA;SP;****;20/07/2020;18:00:00;0
79449;79449;ACIDENTE;PATROCÍNIO;MG;****;21/07/2020;00:00:00;0
79450;79450;INCIDENTE;MANAUS;AM;SWFN;21/07/2020;20:00:00;0
79453;79453;INCIDENTE;VITÓRIA;ES;SBVT;21/07/2020;19:50:00;0
79727;79727;INCIDENTE;CAMPINAS;SP;SDAM;21/07/2020;19:00:00;0
79458;79458;ACIDENTE;SÃO JOÃO DEL REI;MG;****;22/07/2020;10:56:00;0
79455;79455;ACIDENTE;ITAMARATI;AM;****;23/07/2020;17:30:00;0
79457;79457;ACIDENTE;GUABIRUBA;SC;****;25/07/2020;13:30:00;0
79498;79498;INCIDENTE GRAVE;PICOS;PI;SNPC;25/07/2020;18:50:00;0
79471;79471;INCIDENTE;GUARULHOS;SP;SBGR;26/07/2020;13:00:00;0
79460;79460;ACIDENTE;BRASÍLIA;DF;****;30/07/2020;13:35:00;0
79470;79470;INCIDENTE;SANTARÉM;PA;SBSN;30/07/2020;17:13:00;0
79461;79461;INCIDENTE;RIO DE JANEIRO;RJ;****;31/07/2020;14:02:00;0
79468;79468;INCIDENTE;BELÉM;PA;****;31/07/2020;12:20:00;0
79465;79465;INCIDENTE GRAVE;CURITIBA;PR;SBBI;02/08/2020;20:30:00;0
79466;79466;INCIDENTE GRAVE;BAURU;SP;SBBU;03/08/2020;18:20:00;0
79467;79467;INCIDENTE GRAVE;SALVADOR;BA;SBSV;03/08/2020;20:10:00;0
79477;79477;INCIDENTE;CONFINS;MG;SBCF;03/08/2020;02:13:00;0
79469;79469;INCIDENTE;PORTO VELHO;RO;SBPV;04/08/2020;01:57:00;0
79474;79474;INCIDENTE GRAVE;SÃO JOSÉ DO RIO PRETO;SP;SBSR;06/08/2020;20:55:00;0
79478;79478;INCIDENTE;RIO DE JANEIRO;RJ;SBGL;06/08/2020;09:25:00;0
79484;79484;ACIDENTE;GURUPI;TO;SWGI;08/08/2020;13:20:00;0
79475;79475;INCIDENTE;RIO DE JANEIRO;RJ;****;09/08/2020;12:10:00;0
79486;79486;ACIDENTE;SINOP;MT;*****;09/08/2020;12:00:00;0
79479;79479;INCIDENTE;JUNDIAÍ;SP;SBJD;10/08/2020;21:00:00;0
79487;79487;INCIDENTE;BELO HORIZONTE;MG;SBPR;11/08/2020;15:30:00;0
79481;79481;INCIDENTE;BELÉM;PA;SBBE;12/08/2020;14:19:00;0
79482;79482;INCIDENTE;SÃO PAULO;SP;SBGR;12/08/2020;14:20:00;0
79485;79485;INCIDENTE;MACAPÁ;AP;SBMQ;12/08/2020;16:33:00;0
79483;79483;INCIDENTE GRAVE;JUNDIAÍ;SP;SBJD;13/08/2020;11:50:00;0
79491;79491;INCIDENTE GRAVE;ANÁPOLIS;GO;SWNS;13/08/2020;13:00:00;0
79488;79488;INCIDENTE GRAVE;ITIRAPINA;SP;SDJA;15/08/2020;23:40:00;0
79489;79489;INCIDENTE GRAVE;SANTA CRUZ DO SUL;RS;SSSC;15/08/2020;13:23:00;0
79492;79492;INCIDENTE;PRIMAVERA DO LESTE;MT;SWPY;15/08/2020;20:00:00;0
79496;79496;INCIDENTE;BELO HORIZONTE;MG;SBBH;15/08/2020;19:00:00;0
79522;79522;INCIDENTE;FLORIANÓPOLIS;SC;SBFL;17/08/2020;16:25:00;0
79493;79493;ACIDENTE;UNAÍ;MG;****;18/08/2020;20:20:00;0
79497;79497;ACIDENTE;SÃO DESIDÉRIO;BA;****;20/08/2020;18:20:00;2
79499;79499;INCIDENTE;RECIFE;PE;SBRF;20/08/2020;04:10:00;0
79495;79495;ACIDENTE;MACAPÁ;AP;****;21/08/2020;20:15:00;0
79500;79500;INCIDENTE;CURITIBA;PR;SBBI;22/08/2020;17:15:00;0
79514;79514;INCIDENTE;SÃO PAULO;SP;SBGR;23/08/2020;13:35:00;0
79502;79502;ACIDENTE;NOBRES;MT;****;24/08/2020;15:30:00;0
79507;79507;INCIDENTE;CAMPINAS;SP;SBKP;24/08/2020;13:15:00;0
79501;79501;INCIDENTE;CURITIBA;PR;SBBI;25/08/2020;18:52:00;0
79508;79508;INCIDENTE;BOA VISTA;RR;SBBV;25/08/2020;21:10:00;0
79504;79504;ACIDENTE;SÃO PAULO;SP;SBMT;26/08/2020;13:10:00;0
79505;79505;ACIDENTE;GUARATINGUETÁ;SP;SBGW;26/08/2020;17:10:00;0
79521;79521;INCIDENTE;SÃO PAULO;SP;SBSP;26/08/2020;22:47:00;0
79512;79512;INCIDENTE GRAVE;ARAQUARI;SC;SWON;27/08/2020;11:30:00;0
79509;79509;INCIDENTE;AMERICANA;SP;SDAI;28/08/2020;11:10:00;0
79510;79510;ACIDENTE;TERESINA;PI;****;28/08/2020;16:15:00;0
79511;79511;INCIDENTE;DIAMANTINA;MG;SNDT;29/08/2020;20:39:00;0
79516;79516;INCIDENTE;CURITIBA;PR;SBBI;30/08/2020;16:42:00;0
79515;79515;INCIDENTE;ARIPUANÃ;MT;*****;31/08/2020;15:30:00;0
79529;79529;INCIDENTE;PARÁ DE MINAS;MG;SNPA;31/08/2020;18:00:00;0
79517;79517;INCIDENTE;PARÁ DE MINAS;MG;SNPA;01/09/2020;18:36:00;0
79518;79518;ACIDENTE;CACOAL;RO;****;01/09/2020;15:00:00;0
79519;79519;INCIDENTE GRAVE;RIBAS DO RIO PARDO;MS;****;02/09/2020;17:00:00;0
79527;79527;INCIDENTE;MACEIÓ;AL;SBMO;02/09/2020;19:30:00;0
79520;79520;ACIDENTE;CAMPO GRANDE;MS;SSKG;03/09/2020;10:30:00;0
79528;79528;INCIDENTE;MANAUS;AM;SBEG;03/09/2020;11:29:00;0
79525;79525;INCIDENTE;VÁRZEA GRANDE;MT;SBCY;04/09/2020;23:10:00;0
79531;79531;INCIDENTE;BOITUVA;SP;SDOI;06/09/2020;18:00:00;0
79524;79524;ACIDENTE;BELO HORIZONTE;MG;SBBH;07/09/2020;21:26:00;0
79534;79534;INCIDENTE;RECIFE;PE;SBRF;08/09/2020;23:12:00;0
79536;79536;ACIDENTE;SANTA ROSA;RS;SSZR;08/09/2020;21:00:00;2
79546;79546;INCIDENTE;CURITIBA;PR;SBBI;09/09/2020;16:20:00;0
79532;79532;INCIDENTE;CUIABÁ;MT;SBCY;10/09/2020;12:53:00;0
79539;79539;INCIDENTE;CAMPINAS;SP;SBKP;10/09/2020;23:40:00;0
79541;79541;ACIDENTE;BAURU;SP;****;11/09/2020;13:30:00;0
79544;79544;ACIDENTE;JUTI;MS;****;11/09/2020;00:00:00;0
79545;79545;INCIDENTE;BALNEÁRIO CAMBORIÚ;SC;****;11/09/2020;18:05:00;0
79540;79540;INCIDENTE GRAVE;SÃO PAULO;SP;****;12/09/2020;13:10:00;0
79542;79542;ACIDENTE;TAPIRATIBA;SP;*****;12/09/2020;23:00:00;0
79550;79550;INCIDENTE GRAVE;MARINGÁ;PR;SBMG;12/09/2020;14:20:00;0
79537;79537;INCIDENTE GRAVE;ANGRA DOS REIS;RJ;SDAG;13/09/2020;16:45:00;0
79538;79538;INCIDENTE;MACAÉ;RJ;9PSD;13/09/2020;14:40:00;0
79556;79556;INCIDENTE;RIO DE JANEIRO;RJ;SBRJ;13/09/2020;23:10:00;0
79564;79564;INCIDENTE GRAVE;ARAPIRACA;AL;SNAL;13/09/2020;16:40:00;0
79543;79543;ACIDENTE;ANAPU;PA;###!;14/09/2020;20:00:00;0
79547;79547;ACIDENTE;CRIXÁS;GO;****;16/09/2020;14:40:00;0
79548;79548;INCIDENTE;RIO DE JANEIRO;RJ;SBJR;16/09/2020;17:45:00;0
79563;79563;ACIDENTE;COLOMBO;PR;****;18/09/2020;21:39:00;0
79552;79552;INCIDENTE;TERESÓPOLIS;RJ;****;19/09/2020;15:05:00;0
79554;79554;INCIDENTE;SOROCABA;SP;SDCO;19/09/2020;14:20:00;0
79559;79559;ACIDENTE;BRUSQUE;SC;*****;19/09/2020;19:56:00;0
79555;79555;ACIDENTE;FORMOSA;GO;SWFR;20/09/2020;18:44:00;0
79591;79591;INCIDENTE;MANAUS;AM;SBEG;20/09/2020;18:50:00;0
79565;79565;ACIDENTE;NOVO PROGRESSO;PA;****;23/09/2020;17:55:00;1
79587;79587;INCIDENTE;CONFINS;MG;SBCF;25/09/2020;11:00:00;0
79586;79586;INCIDENTE;TEFÉ;AM;SBTF;26/09/2020;15:56:00;0
79566;79566;INCIDENTE GRAVE;REGENTE FEIJÓ;SP;SDYJ;27/09/2020;19:33:00;0
79571;79571;INCIDENTE;BRASÍLIA;DF;SBBR;27/09/2020;22:39:00;0
79570;79570;INCIDENTE;LINS;SP;****;29/09/2020;18:30:00;0
79572;79572;ACIDENTE;SANTA TEREZINHA;MT;****;29/09/2020;19:15:00;0
79573;79573;INCIDENTE;PIRAJUÍ;SP;****;29/09/2020;18:30:00;0
79568;79568;ACIDENTE;CAMAPUÃ;MS;****;30/09/2020;10:50:00;0
79569;79569;INCIDENTE;LONDRINA;PR;SSOK;30/09/2020;13:15:00;0
79589;79589;INCIDENTE GRAVE;FORTALEZA;CE;SBFZ;30/09/2020;17:26:00;0
79575;79575;INCIDENTE;SÃO PAULO;SP;SBSP;01/10/2020;20:05:00;0
79580;79580;ACIDENTE;BRAGANÇA PAULISTA;SP;SBBP;01/10/2020;20:08:00;0
79574;79574;ACIDENTE;NOVA ANDRADINA;MS;****;02/10/2020;09:20:00;0
79577;79577;INCIDENTE;CRUZ;CE;*****;02/10/2020;16:18:00;0
79584;79584;INCIDENTE;CAMPINAS;SP;SBKP;02/10/2020;19:02:00;0
79588;79588;INCIDENTE;CAMPINAS;SP;SBKP;02/10/2020;10:50:00;0
79582;79582;INCIDENTE;LONDRINA;PR;SBLO;03/10/2020;16:35:00;0
79608;79608;ACIDENTE;PARAGOMINAS;PA;****;04/10/2020;12:00:00;0
79585;79585;INCIDENTE;SÃO PAULO;SP;SBMT;06/10/2020;15:25:00;0
80006;80006;ACIDENTE;TRINDADE;GO;****;06/10/2020;18:00:00;0
79592;79592;INCIDENTE;ARAÇATUBA;SP;SBAU;07/10/2020;15:30:00;0
79595;79595;ACIDENTE;PIRAQUARA;PR;SISY;07/10/2020;14:55:00;0
79599;79599;ACIDENTE;CORUMBÁ;MS;****;08/10/2020;16:00:00;0
79600;79600;ACIDENTE;POCONÉ;MT;****;10/10/2020;13:30:00;0
79598;79598;ACIDENTE;ROSANA;SP;****;11/10/2020;11:20:00;0
79609;79609;INCIDENTE GRAVE;CUIABÁ;MT;****;13/10/2020;18:45:00;0
79601;79601;INCIDENTE;SÃO JOSÉ DOS CAMPOS;SP;SBSJ;14/10/2020;12:06:00;0
79728;79728;INCIDENTE;FLORIANÓPOLIS;SC;****;14/10/2020;13:59:00;0
79605;79605;ACIDENTE;PRIMAVERA DO LESTE;MT;SWPY;15/10/2020;15:40:00;0
79621;79621;ACIDENTE;RIO CLARO;RJ;****;15/10/2020;11:00:00;0
79606;79606;INCIDENTE;MACAPÁ;AP;SBMQ;16/10/2020;17:45:00;0
79618;79618;INCIDENTE;CANTÁ;RR;SWPD;16/10/2020;17:30:00;0
79619;79619;ACIDENTE;FEIJÓ;AC;****;16/10/2020;20:00:00;1
79620;79620;ACIDENTE;URUGUAIANA;RS;****;16/10/2020;14:30:00;0
79607;79607;ACIDENTE;RAPOSA;MA;****;17/10/2020;12:30:00;0
79617;79617;INCIDENTE;LÁBREA;AM;SWLB;19/10/2020;12:39:00;0
79624;79624;INCIDENTE;RIO DE JANEIRO;RJ;SBGL;19/10/2020;19:00:00;0
79625;79625;INCIDENTE GRAVE;CASCAVEL;PR;SBCA;19/10/2020;20:35:00;0
79623;79623;INCIDENTE GRAVE;CARAZINHO;RS;SSKZ;21/10/2020;14:40:00;0
79626;79626;INCIDENTE;MARINGÁ;PR;SBMG;21/10/2020;13:47:00;0
79632;79632;INCIDENTE;TABATINGA;AM;SBTT;22/10/2020;19:54:00;0
79627;79627;ACIDENTE;BIRITIBA-MIRIM;SP;SDIH;24/10/2020;18:50:00;0
79634;79634;INCIDENTE;CAMPOS DOS GOYTACAZES;RJ;****;26/10/2020;15:57:00;0
79637;79637;INCIDENTE;JOINVILLE;SC;SBJV;26/10/2020;16:44:00;0
79639;79639;INCIDENTE;RIBEIRÃO PRETO;SP;SBRP;28/10/2020;16:15:00;0
79645;79645;ACIDENTE;ALTO ALEGRE;RR;****;28/10/2020;12:25:00;0
79636;79636;ACIDENTE;PALMAS;TO;****;29/10/2020;20:00:00;0
79644;79644;INCIDENTE;BELÉM;PA;SBJC;29/10/2020;19:28:00;0
79640;79640;ACIDENTE;IGARATINGA;MG;SSDK;30/10/2020;20:50:00;0
79641;79641;INCIDENTE GRAVE;CAUCAIA;CE;****;30/10/2020;15:45:00;0
79646;79646;INCIDENTE;BELÉM;PA;SBBE;30/10/2020;12:17:00;0
79651;79651;ACIDENTE;BRASÍLIA;DF;SSGP;30/10/2020;14:00:00;0
79647;79647;INCIDENTE;PORTO ALEGRE;RS;SBPA;01/11/2020;18:20:00;0
79648;79648;INCIDENTE;PORTO SEGURO;BA;SBPS;04/11/2020;16:18:00;0
79649;79649;INCIDENTE;CAMPINAS;SP;SBKP;04/11/2020;22:39:00;0
79650;79650;INCIDENTE;TAPES;RS;****;05/11/2020;16:30:00;0
79652;79652;INCIDENTE;CONFINS;MG;SBCF;06/11/2020;14:20:00;0
79663;79663;INCIDENTE GRAVE;ANANINDEUA;PA;SBBE;06/11/2020;14:57:00;0
79675;79675;INCIDENTE;SÃO FRANCISCO DO SUL;SC;****;06/11/2020;14:30:00;0
79664;79664;INCIDENTE;BOITUVA;SP;****;07/11/2020;09:39:00;0
79874;79874;ACIDENTE;ARAPONGAS;PR;****;08/11/2020;21:00:00;0
79667;79667;INCIDENTE;RIO DE JANEIRO;RJ;SBGL;11/11/2020;01:20:00;0
79681;79681;INCIDENTE;BOM RETIRO;SC;****;11/11/2020;17:00:00;0
79666;79666;INCIDENTE;BELÉM;PA;SBBE;12/11/2020;19:30:00;0
79674;79674;INCIDENTE;RIO DE JANEIRO;RJ;SBGL;13/11/2020;06:39:00;0
79668;79668;INCIDENTE;SÃO LUÍS;MA;SBSL;14/11/2020;12:12:00;0
79669;79669;ACIDENTE;SÃO PEDRO;SP;****;14/11/2020;14:20:00;0
79670;79670;INCIDENTE;PORTO SEGURO;BA;SBPS;14/11/2020;23:16:00;0
79671;79671;ACIDENTE;SÃO MIGUEL DO IGUAÇU;PR;****;14/11/2020;12:40:00;0
79673;79673;INCIDENTE;RIO DE JANEIRO;RJ;SBGL;15/11/2020;22:52:00;0
79680;79680;INCIDENTE;FLORIANÓPOLIS;SC;SBFL;15/11/2020;01:40:00;0
79672;79672;INCIDENTE;IGARASSU;PE;SIFC;16/11/2020;10:50:00;0
79678;79678;ACIDENTE;VILA BELA DA SANTÍSSIMA TRINDADE;MT;****;16/11/2020;14:15:00;0
79683;79683;INCIDENTE;CRUZEIRO DO SUL;AC;SBCZ;16/11/2020;22:00:00;0
79679;79679;INCIDENTE;GUARULHOS;SP;SBGR;17/11/2020;16:00:00;0
79684;79684;INCIDENTE;PORTO ALEGRE;RS;SBPA;17/11/2020;20:18:00;0
79730;79730;INCIDENTE;SÃO PAULO;SP;****;17/11/2020;16:00:00;0
79685;79685;ACIDENTE;IPIXUNA DO PARÁ;PA;*****;19/11/2020;15:00:00;0
79687;79687;INCIDENTE;ALTAMIRA;PA;SBIH;19/11/2020;17:26:00;0
79700;79700;INCIDENTE;BRASÍLIA;DF;SBBR;20/11/2020;00:15:00;0
79689;79689;INCIDENTE;QUERÊNCIA;MT;*****;23/11/2020;16:30:00;0
79698;79698;INCIDENTE;MACEIÓ;AL;SBMO;23/11/2020;10:35:00;0
79706;79706;INCIDENTE;BELO HORIZONTE;MG;SBPR;23/11/2020;14:00:00;0
79690;79690;INCIDENTE GRAVE;PORTO NACIONAL;TO;SWEJ;24/11/2020;20:00:00;0
79709;79709;INCIDENTE;MANAUS;AM;SBEG;24/11/2020;01:00:00;0
79688;79688;INCIDENTE;TRÊS MARIAS;MG;SNAS;25/11/2020;15:40:00;0
79704;79704;INCIDENTE;RIO DE JANEIRO;RJ;SBGL;25/11/2020;13:07:00;0
79691;79691;INCIDENTE GRAVE;BELO HORIZONTE;MG;SBBH;26/11/2020;20:10:00;0
79694;79694;INCIDENTE;BRASÍLIA;DF;SBBR;26/11/2020;10:28:00;0
79692;79692;ACIDENTE;CATANDUVA;SP;SDCD;28/11/2020;12:50:00;1
79703;79703;INCIDENTE;JOÃO PESSOA;PB;SBJP;28/11/2020;16:00:00;0
79696;79696;INCIDENTE GRAVE;QUIRINÓPOLIS;GO;****;29/11/2020;10:00:00;0
79697;79697;ACIDENTE;POCONÉ;MT;****;30/11/2020;18:00:00;0
79699;79699;INCIDENTE;GUARULHOS;SP;SBGR;30/11/2020;17:00:00;0
79750;79750;INCIDENTE;GOIÂNIA;GO;SBNV;01/12/2020;11:30:00;0
79701;79701;ACIDENTE;QUATRO BARRAS;PR;****;02/12/2020;16:35:00;0
79702;79702;INCIDENTE;RIO DE JANEIRO;RJ;SBGL;02/12/2020;16:30:00;0
79739;79739;INCIDENTE GRAVE;SÃO PAULO;SP;SBSP;03/12/2020;14:42:00;0
79705;79705;INCIDENTE GRAVE;SOROCABA;SP;SDCO;04/12/2020;15:30:00;0
79707;79707;INCIDENTE;RIO DE JANEIRO;RJ;SBRJ;05/12/2020;12:25:00;0
79712;79712;INCIDENTE GRAVE;BOM JESUS;PI;****;06/12/2020;11:00:00;0
79713;79713;ACIDENTE;SANTA VITÓRIA DO PALMAR;RS;****;06/12/2020;13:15:00;3
79711;79711;INCIDENTE;PORTO VELHO;RO;SBPV;08/12/2020;04:23:00;0
79714;79714;INCIDENTE;RIO DE JANEIRO;RJ;9PAA;08/12/2020;14:50:00;0
79717;79717;ACIDENTE;NÃO IDENTIFICADA;MT;****;08/12/2020;17:00:00;0
79725;79725;INCIDENTE;LONDRINA;PR;SBLO;08/12/2020;18:55:00;0
79716;79716;INCIDENTE GRAVE;NÃO IDENTIFICADA;MS;****;09/12/2020;19:50:00;0
79720;79720;ACIDENTE;SANT'ANA DO LIVRAMENTO;RS;****;09/12/2020;21:30:00;0
79718;79718;INCIDENTE GRAVE;SÃO PAULO;SP;SBMT;11/12/2020;13:50:00;0
79724;79724;ACIDENTE;ANGRA DOS REIS;RJ;****;11/12/2020;21:15:00;0
79719;79719;ACIDENTE;RIO BRILHANTE;MS;****;12/12/2020;18:00:00;0
79722;79722;INCIDENTE GRAVE;PERDIZES;MG;****;12/12/2020;17:22:00;0
79723;79723;ACIDENTE;SÃO JOSÉ DOS PINHAIS;PR;SSUL;13/12/2020;16:15:00;0
79726;79726;INCIDENTE GRAVE;BELO HORIZONTE;MG;SBPR;13/12/2020;13:41:00;0
79729;79729;ACIDENTE;TAILÂNDIA;PA;****;15/12/2020;20:00:00;0
79738;79738;INCIDENTE;ITUMBIARA;GO;*****;16/12/2020;20:30:00;0
79737;79737;INCIDENTE;BELO HORIZONTE;MG;SBBH;17/12/2020;17:13:00;0
79740;79740;INCIDENTE;RIO LARGO;AL;SBMO;17/12/2020;14:26:00;0
79741;79741;INCIDENTE;BELO HORIZONTE;MG;SBBH;18/12/2020;22:57:00;0
79742;79742;ACIDENTE;SANTA HELENA DE GOIÁS;GO;****;18/12/2020;14:00:00;0
79743;79743;ACIDENTE;GOIATUBA;GO;****;18/12/2020;13:00:00;0
79744;79744;INCIDENTE;BELO HORIZONTE;MG;SBCF;18/12/2020;02:34:00;0
79752;79752;INCIDENTE;SALVADOR;BA;****;19/12/2020;15:30:00;0
79785;79785;INCIDENTE;MANAUS;AM;SBEG;19/12/2020;12:37:00;0
79746;79746;INCIDENTE;MANAUS;AM;SWFN;20/12/2020;20:40:00;0
79745;79745;INCIDENTE;MARABÁ;PA;SBMA;21/12/2020;08:47:00;0
79759;79759;INCIDENTE;PORTO ALEGRE;RS;SBPA;21/12/2020;23:14:00;0
79766;79766;INCIDENTE GRAVE;JUIZ DE FORA;MG;SBJF;21/12/2020;16:20:00;0
79799;79799;INCIDENTE;MUITOS CAPÕES;RS;****;21/12/2020;13:30:00;0
79776;79776;ACIDENTE;UBERLÂNDIA;MG;SBUL;22/12/2020;21:21:00;0
79748;79748;ACIDENTE;SANTANA DO LIVRAMENTO;RS;####;23/12/2020;13:30:00;0
79787;79787;INCIDENTE;FORTALEZA;CE;SBFZ;23/12/2020;18:30:00;0
79749;79749;ACIDENTE;MARITUBA;PA;****;26/12/2020;12:05:00;0
79751;79751;ACIDENTE;PRESIDENTE CASTELO BRANCO;PR;SSXO;27/12/2020;12:30:00;0
79754;79754;INCIDENTE GRAVE;NOVA MARINGÁ;MT;****;28/12/2020;13:00:00;0
79800;79800;INCIDENTE;SÃO PAULO;SP;SBMT;28/12/2020;10:15:00;0
79824;79824;ACIDENTE;RIO PARANAÍBA;MG;SNRP;28/12/2020;17:00:00;0
79753;79753;INCIDENTE GRAVE;GOIATUBA;GO;****;29/12/2020;12:00:00;0
79755;79755;ACIDENTE;MATO RICO;PR;****;29/12/2020;10:30:00;0
79769;79769;INCIDENTE GRAVE;MANOEL URBANO;AC;SIMB;29/12/2020;18:30:00;0
79804;79804;INCIDENTE;CAMPINAS;SP;SBKP;29/12/2020;19:00:00;0
79757;79757;INCIDENTE GRAVE;LAGOA DA CONFUSÃO;TO;****;30/12/2020;18:30:00;0
79802;79802;INCIDENTE;RIO DE JANEIRO;RJ;SBGL;30/12/2020;00:54:00;0
79756;79756;INCIDENTE GRAVE;VICENTINA;MS;****;31/12/2020;09:00:00;0
79844;79844;INCIDENTE;RIO DE JANEIRO;RJ;SBJR;31/12/2020;13:24:00;0
79758;79758;INCIDENTE;SÃO PAULO;SP;****;02/01/2021;18:30:00;0
79949;79949;ACIDENTE;DIAMANTINA;MG;SNDT;02/01/2021;11:51:00;0
79786;79786;INCIDENTE;JOÃO PESSOA;PB;****;03/01/2021;13:58:00;0
79770;79770;INCIDENTE;CUIABÁ;MT;SBCY;04/01/2021;15:03:00;0
79808;79808;INCIDENTE;CONFINS;MG;SBCF;04/01/2021;13:50:00;0
79798;79798;ACIDENTE;GUARÁ;SP;****;05/01/2021;20:30:00;0
79823;79823;ACIDENTE;IRACEMA;RR;****;05/01/2021;20:07:00;0
79784;79784;INCIDENTE;CAMPO GRANDE;MS;SSKG;06/01/2021;11:48:00;0
79803;79803;INCIDENTE;BOA VISTA;RR;SBBV;06/01/2021;21:41:00;0
79809;79809;INCIDENTE;GUARULHOS;SP;SBGR;06/01/2021;12:48:00;0
79811;79811;ACIDENTE;VILA VELHA;ES;SIVU;06/01/2021;13:50:00;0
79814;79814;ACIDENTE;DIVINÓPOLIS;MG;SNDV;06/01/2021;14:30:00;0
79801;79801;INCIDENTE GRAVE;CANTÁ;RR;SWPD;07/01/2021;12:35:00;0
79805;79805;INCIDENTE;GUARULHOS;SP;SBGR;07/01/2021;02:05:00;0
79865;79865;INCIDENTE;GOVERNADOR VALADARES;MG;SBGV;07/01/2021;15:31:00;0
79812;79812;INCIDENTE;CAMPO GRANDE;MS;SBCG;08/01/2021;13:12:00;0
79841;79841;INCIDENTE;BELO HORIZONTE;MG;SBBH;08/01/2021;14:05:00;0
79850;79850;INCIDENTE;FORTALEZA;CE;SBFZ;09/01/2021;11:00:00;0
79810;79810;INCIDENTE GRAVE;CONCÓRDIA;SC;SSCK;10/01/2021;13:00:00;0
79821;79821;INCIDENTE;SANTARÉM;PA;SBSN;10/01/2021;03:26:00;0
79816;79816;INCIDENTE;GUARULHOS;SP;SBGR;11/01/2021;11:50:00;0
79818;79818;ACIDENTE;CANARANA;MT;SWEK;13/01/2021;20:00:00;0
79819;79819;INCIDENTE GRAVE;CAMPO GRANDE;MS;SSIE;14/01/2021;20:00:00;0
79820;79820;INCIDENTE;NOVA LIMA;MG;SJLY;14/01/2021;09:27:00;0
79822;79822;INCIDENTE;UBERLÂNDIA;MG;SBUL;14/01/2021;22:40:00;0
79830;79830;INCIDENTE;NOVA LIMA;MG;SJLY;14/01/2021;09:27:00;0
79917;79917;INCIDENTE GRAVE;IBITINGA;SP;SDIG;17/01/2021;15:15:00;0
79825;79825;ACIDENTE;BARREIROS;PE;****;18/01/2021;21:20:00;0
79827;79827;INCIDENTE;SÃO PAULO;SP;SBSP;19/01/2021;16:20:00;0
79829;79829;INCIDENTE;PARÁ DE MINAS;MG;SNPA;19/01/2021;20:10:00;0
79831;79831;INCIDENTE GRAVE;CURITIBA;PR;SBCT;19/01/2021;12:50:00;0
79826;79826;INCIDENTE;SALVADOR;BA;SBSV;20/01/2021;08:10:00;0
79834;79834;INCIDENTE;JOINVILLE;SC;SBJV;21/01/2021;19:00:00;0
79836;79836;INCIDENTE;RECIFE;PE;SBRF;21/01/2021;16:40:00;0
79839;79839;INCIDENTE;CAMPO GRANDE;MS;SBCG;21/01/2021;22:20:00;0
79833;79833;ACIDENTE;LEME;SP;****;22/01/2021;11:50:00;0
79837;79837;INCIDENTE;CAMPINAS;SP;SBKP;23/01/2021;15:30:00;0
79845;79845;INCIDENTE;DIVINÓPOLIS;MG;SNDV;23/01/2021;13:10:00;0
79835;79835;INCIDENTE;CAMPINAS;SP;SBKP;24/01/2021;19:00:00;0
79840;79840;ACIDENTE;PORTO NACIONAL;TO;****;24/01/2021;10:30:00;0
79847;79847;INCIDENTE GRAVE;RESENDE;RJ;SDRS;24/01/2021;17:05:00;0
79862;79862;INCIDENTE;SALVADOR;BA;SBSV;24/01/2021;11:50:00;0
79846;79846;ACIDENTE;FOZ DO IGUAÇU;PR;SSFE;25/01/2021;15:00:00;0
79848;79848;INCIDENTE GRAVE;SORRISO;MT;****;25/01/2021;18:00:00;0
79843;79843;INCIDENTE;VITÓRIA;ES;SBVT;26/01/2021;17:02:00;0
79852;79852;ACIDENTE;SERRA AZUL;SP;****;27/01/2021;19:30:00;0
79849;79849;INCIDENTE GRAVE;FRUTAL;MG;****;28/01/2021;13:00:00;0
79866;79866;ACIDENTE;ALMEIRIM;PA;****;28/01/2021;15:55:00;0
79851;79851;INCIDENTE GRAVE;BRASÍLIA;DF;****;29/01/2021;12:15:00;0
79868;79868;INCIDENTE;CAMPINAS;SP;SBKP;30/01/2021;03:51:00;0
79854;79854;ACIDENTE;OURILÂNDIA DO NORTE;PA;****;31/01/2021;20:30:00;0
79869;79869;INCIDENTE;MONTES CLAROS;MG;SBMK;31/01/2021;12:11:00;0
79859;79859;ACIDENTE;VIAMÃO;RS;****;01/02/2021;09:20:00;0
79857;79857;ACIDENTE;SÃO FÉLIX DO XINGU;PA;****;02/02/2021;12:00:00;0
79858;79858;ACIDENTE;SÃO FÉLIX DO XINGU;PA;*****;02/02/2021;13:11:00;0
79860;79860;ACIDENTE;MOSSÂMEDES;GO;****;02/02/2021;13:00:00;0
79877;79877;INCIDENTE;RIBEIRÃO PRETO;SP;SBRP;02/02/2021;20:50:00;0
79880;79880;INCIDENTE;CAMPINAS;SP;SBKP;02/02/2021;16:33:00;0
79864;79864;ACIDENTE;MUCAJAÍ;RR;****;03/02/2021;17:05:00;0
79863;79863;ACIDENTE;BARREIRAS;BA;****;04/02/2021;13:20:00;0
79876;79876;INCIDENTE;BRASÍLIA;DF;SBBR;04/02/2021;00:20:00;0
79878;79878;INCIDENTE;FLORIANÓPOLIS;SC;SBFL;05/02/2021;07:30:00;0
79881;79881;INCIDENTE GRAVE;CABO FRIO;RJ;SBCB;05/02/2021;21:00:00;0
80072;80072;INCIDENTE;LUZIÂNIA;GO;SJGL;05/02/2021;14:00:00;0
79867;79867;INCIDENTE;NAVEGANTES;SC;SBNF;06/02/2021;14:51:00;0
79870;79870;ACIDENTE;FORTALEZA DOS VALOS;RS;****;06/02/2021;19:45:00;0
79872;79872;INCIDENTE;ALEGRETE;RS;****;06/02/2021;16:00:00;0
79879;79879;INCIDENTE;GUARULHOS;SP;SBGR;07/02/2021;20:00:00;0
79871;79871;INCIDENTE;SÃO GABRIEL;RS;****;08/02/2021;11:20:00;0
79875;79875;INCIDENTE;SÃO JOSÉ DOS PINHAIS;PR;SBCT;08/02/2021;20:00:00;0
79882;79882;INCIDENTE GRAVE;MANDAGUAÇU;PR;****;10/02/2021;13:40:00;0
79883;79883;INCIDENTE;CAMPINAS;SP;SBKP;10/02/2021;03:51:00;0
79887;79887;INCIDENTE;VARGINHA;MG;SBVG;10/02/2021;15:30:00;0
79886;79886;INCIDENTE;CAMPINAS;SP;SBKP;12/02/2021;03:20:00;0
79889;79889;ACIDENTE;SÃO DESIDÉRIO;BA;****;12/02/2021;13:00:00;0
79890;79890;ACIDENTE;CONCEIÇÃO DAS ALAGOAS;MG;****;12/02/2021;16:00:00;0
79885;79885;ACIDENTE;NOVO PROGRESSO;PA;****;13/02/2021;18:40:00;0
79899;79899;INCIDENTE;PORTO ALEGRE;RS;SBPA;15/02/2021;19:40:00;0
79888;79888;INCIDENTE;CAMPINAS;SP;SDAM;16/02/2021;17:20:00;0
79892;79892;INCIDENTE GRAVE;SÃO LOURENÇO DO SUL;RS;****;16/02/2021;15:30:00;0
79894;79894;ACIDENTE;SÃO DESIDÉRIO;BA;****;16/02/2021;11:30:00;0
79897;79897;INCIDENTE;SALVADOR;BA;SBSV;17/02/2021;22:30:00;0
79901;79901;INCIDENTE;RIO DE JANEIRO;RJ;SBGL;17/02/2021;00:15:00;0
79893;79893;INCIDENTE GRAVE;MARINGÁ;PR;****;18/02/2021;09:40:00;0
79902;79902;INCIDENTE;SÃO PAULO;SP;SBGR;18/02/2021;09:15:00;0
79905;79905;INCIDENTE;SALVADOR;BA;SBSV;19/02/2021;22:30:00;0
79906;79906;INCIDENTE;PARANAIGUARA;GO;*****;19/02/2021;12:00:00;0
79907;79907;ACIDENTE;CAMPO NOVO DO PARECIS;MT;****;19/02/2021;21:30:00;0
79910;79910;INCIDENTE GRAVE;ALTO ALEGRE;RR;SJYG;19/02/2021;13:30:00;0
79916;79916;INCIDENTE;OURILÂNDIA DO NORTE;PA;****;19/02/2021;19:10:00;0
79903;79903;ACIDENTE;MARCELÂNDIA;MT;****;20/02/2021;19:30:00;0
79904;79904;INCIDENTE;MACEIÓ;AL;SBMO;20/02/2021;19:33:00;0
79911;79911;ACIDENTE;FORMIGA;MG;SWVW;20/02/2021;18:00:00;0
79919;79919;INCIDENTE;RIO DE JANEIRO;RJ;SBGL;21/02/2021;23:06:00;0
79922;79922;INCIDENTE GRAVE;SANTO ÂNGELO;RS;SBNM;22/02/2021;10:45:00;0
79909;79909;ACIDENTE;MIRASSOL D'OESTE;MT;SWRW;23/02/2021;10:20:00;0
79912;79912;INCIDENTE;PORTO ALEGRE;RS;SBPA;23/02/2021;16:12:00;0
79914;79914;INCIDENTE;BELO HORIZONTE;MG;SBBH;24/02/2021;11:10:00;0
79920;79920;INCIDENTE;PORTO ALEGRE;RS;SBPA;24/02/2021;02:57:00;0
79926;79926;INCIDENTE;RIO DE JANEIRO;RJ;SBGL;24/02/2021;16:00:00;0
79921;79921;INCIDENTE;ELDORADO DO SUL;RS;SIXE;25/02/2021;10:15:00;0
79925;79925;INCIDENTE;CAMPOS DOS GOYTACAZES;RJ;SBCP;25/02/2021;13:28:00;0
79956;79956;ACIDENTE;NÃO IDENTIFICADA;***;*****;26/02/2021;11:00:00;0
79924;79924;INCIDENTE GRAVE;AMERICANA;SP;SDAI;28/02/2021;15:30:00;0
79927;79927;INCIDENTE;CONFINS;MG;SBCF;28/02/2021;18:32:00;0
79948;79948;INCIDENTE;BELÉM;PA;SBBE;01/03/2021;23:00:00;0
79947;79947;ACIDENTE;ARARAS;SP;SDAA;02/03/2021;15:30:00;0
79950;79950;INCIDENTE;RIO DE JANEIRO;RJ;SBGL;02/03/2021;09:45:00;0
79943;79943;INCIDENTE;IBOTIRAMA;BA;SNIT;03/03/2021;11:30:00;0
79951;79951;INCIDENTE;BELÉM;PA;SBBE;03/03/2021;15:45:00;0
79953;79953;ACIDENTE;CORRENTINA;BA;****;03/03/2021;09:00:00;0
79954;79954;INCIDENTE;SÃO LUÍS;MA;SBSL;04/03/2021;20:40:00;0
79955;79955;INCIDENTE;ITAITUBA;PA;SBIH;04/03/2021;17:14:00;0
79958;79958;INCIDENTE;VITÓRIA;ES;SBVT;07/03/2021;23:40:00;0
79959;79959;INCIDENTE;RECIFE;PE;SBRF;07/03/2021;14:13:00;0
79960;79960;INCIDENTE;CAMPINAS;SP;SBKP;07/03/2021;18:32:00;0
79957;79957;INCIDENTE;CONFINS;MG;SBBH;08/03/2021;03:15:00;0
79963;79963;INCIDENTE GRAVE;SORRISO;MT;****;08/03/2021;17:00:00;0
79961;79961;ACIDENTE;AMERICANA;SP;SDAI;09/03/2021;19:30:00;0
79962;79962;INCIDENTE GRAVE;BARÃO DE MELGAÇO;MT;SJIJ;09/03/2021;18:45:00;0
79970;79970;ACIDENTE;QUIRINÓPOLIS;GO;****;09/03/2021;11:30:00;0
79974;79974;INCIDENTE;BRASÍLIA;DF;SBBR;10/03/2021;20:30:00;0
79976;79976;ACIDENTE;ARAGUAIANA;MT;*****;10/03/2021;20:30:00;0
79966;79966;INCIDENTE GRAVE;PORTO VELHO;RO;****;11/03/2021;12:20:00;0
79971;79971;ACIDENTE;BARRA DO BUGRES;MT;*****;11/03/2021;12:30:00;0
79978;79978;INCIDENTE;CAMPINAS;SP;SBKP;12/03/2021;22:30:00;0
79968;79968;INCIDENTE GRAVE;IGARATÁ;SP;****;13/03/2021;20:00:00;0
79969;79969;ACIDENTE;CONQUISTA;MG;****;13/03/2021;12:57:00;0
80053;80053;INCIDENTE;SÃO PAULO;SP;SBGR;13/03/2021;23:55:00;0
79972;79972;INCIDENTE;ALTA FLORESTA;MT;SBAT;14/03/2021;19:47:00;0
79973;79973;ACIDENTE;ERECHIM;RS;*****;14/03/2021;14:35:00;0
79981;79981;INCIDENTE;ALMEIRIM;PA;SBMD;14/03/2021;17:05:00;0
80041;80041;INCIDENTE;GUARULHOS;SP;SBGR;14/03/2021;20:08:00;0
79975;79975;INCIDENTE;MANAUS;AM;SBEG;15/03/2021;16:50:00;0
79977;79977;ACIDENTE;POCONÉ;MT;****;15/03/2021;10:35:00;0
79979;79979;INCIDENTE;BELO HORIZONTE;MG;SBCF;16/03/2021;19:40:00;0
80058;80058;INCIDENTE;PARÁ DE MINAS;MG;****;17/03/2021;14:18:00;0
79999;79999;ACIDENTE;AMAJARI;RR;****;18/03/2021;20:00:00;0
79985;79985;INCIDENTE;SÃO PAULO;SP;SBSP;19/03/2021;02:50:00;0
79982;79982;ACIDENTE;CASCAVEL;PR;****;20/03/2021;21:31:00;0
79983;79983;ACIDENTE;SANTO ÂNGELO;RS;SBNM;20/03/2021;11:25:00;0
79988;79988;INCIDENTE;RIO DE JANEIRO;RJ;SBGL;20/03/2021;19:16:00;0
79989;79989;INCIDENTE GRAVE;JI-PARANÁ;RO;SBJI;22/03/2021;21:31:00;0
79990;79990;INCIDENTE GRAVE;ALTA FLORESTA;MT;SWEN;22/03/2021;13:30:00;0
79992;79992;ACIDENTE;PIRACANJUBA;GO;****;23/03/2021;13:00:00;0
79996;79996;ACIDENTE;PRESIDENTE PRUDENTE;SP;SBDN;23/03/2021;17:35:00;0
79991;79991;INCIDENTE;AMERICANA;SP;SDAI;25/03/2021;17:35:00;0
79994;79994;INCIDENTE GRAVE;LENÇÓIS;BA;****;25/03/2021;20:00:00;0
79997;79997;ACIDENTE;MORRO AGUDO;SP;****;26/03/2021;09:30:00;0
80004;80004;INCIDENTE;SÃO PAULO;SP;SBSP;26/03/2021;18:40:00;0
80001;80001;INCIDENTE;RIO DE JANEIRO;RJ;****;27/03/2021;15:27:00;0
80002;80002;ACIDENTE;ITABERAÍ;GO;****;27/03/2021;19:50:00;0
80012;80012;INCIDENTE;MACAÉ;RJ;*****;29/03/2021;18:05:00;0
80023;80023;INCIDENTE;PORTO ALEGRE;RS;SBPA;29/03/2021;18:24:00;0
80152;80152;INCIDENTE;SÃO PAULO;SP;SBSP;29/03/2021;22:00:00;0
80005;80005;ACIDENTE;TANGARÁ DA SERRA;MT;SWTS;31/03/2021;14:00:00;0
80007;80007;INCIDENTE GRAVE;AQUIRAZ;CE;****;31/03/2021;20:25:00;0
80024;80024;INCIDENTE;CAMPINAS;SP;SBKP;31/03/2021;08:00:00;0
80025;80025;INCIDENTE;BELÉM;PA;SBBE;31/03/2021;17:58:00;0
80033;80033;INCIDENTE GRAVE;CASTANHEIRA;MT;****;31/03/2021;00:00:00;0
80011;80011;ACIDENTE;PLANURA;MG;****;01/04/2021;12:45:00;0
80026;80026;INCIDENTE;MANAUS;AM;SBEG;04/04/2021;08:31:00;0
80014;80014;INCIDENTE GRAVE;RIO VERDE;GO;SWLC;06/04/2021;17:50:00;0
80027;80027;INCIDENTE;PORTO ALEGRE;RS;SBPA;07/04/2021;19:47:00;0
80015;80015;INCIDENTE;VITÓRIA;ES;SBVT;08/04/2021;11:03:00;0
80018;80018;INCIDENTE;VITÓRIA;ES;SBVT;08/04/2021;19:05:00;0
80017;80017;INCIDENTE GRAVE;GOIÂNIA;GO;*****;09/04/2021;13:00:00;0
80028;80028;INCIDENTE;BRASÍLIA;DF;SBBR;09/04/2021;18:32:00;0
80031;80031;INCIDENTE GRAVE;TRÊS PONTAS;MG;****;11/04/2021;19:30:00;0
80019;80019;ACIDENTE;NOVA MUTUM;MT;****;12/04/2021;11:00:00;0
80029;80029;INCIDENTE;RIO DE JANEIRO;RJ;SBGL;12/04/2021;20:24:00;0
80020;80020;INCIDENTE;VITÓRIA;ES;****;13/04/2021;16:30:00;0
80022;80022;INCIDENTE;GOIANÁ;MG;SBZM;13/04/2021;16:06:00;0
80030;80030;INCIDENTE;SALVADOR;BA;SBSV;13/04/2021;10:10:00;0
80032;80032;INCIDENTE GRAVE;SANTA ROSA DO PURUS;AC;SSRA;13/04/2021;17:15:00;0
80021;80021;INCIDENTE;MONTES CLAROS;MG;****;14/04/2021;17:35:00;0
80095;80095;INCIDENTE;RECIFE;PE;SBRF;14/04/2021;22:07:00;0
80034;80034;INCIDENTE GRAVE;PONTA PORÃ;MS;****;15/04/2021;14:00:00;0
80035;80035;INCIDENTE;CARAUARI;AM;****;15/04/2021;15:05:00;0
80037;80037;ACIDENTE;PRESIDENTE EPITÁCIO;SP;****;15/04/2021;18:00:00;0
80038;80038;INCIDENTE;CAMPINAS;SP;SBKP;16/04/2021;14:00:00;0
80039;80039;INCIDENTE;CAMPINAS;SP;SBKP;16/04/2021;12:07:00;0
80043;80043;INCIDENTE;VÁRZEA GRANDE;MT;SBCY;16/04/2021;21:33:00;0
80055;80055;INCIDENTE;MONTENEGRO;RS;SSNG;16/04/2021;13:10:00;0
80040;80040;INCIDENTE;BELÉM;PA;SBBE;20/04/2021;17:10:00;0
80042;80042;ACIDENTE;BELO HORIZONTE;MG;SBBH;20/04/2021;16:52:00;0
80044;80044;INCIDENTE;BRASÍLIA;DF;SBBR;20/04/2021;10:56:00;0
80046;80046;ACIDENTE;ANÁPOLIS;GO;SWNS;23/04/2021;12:30:00;0
80049;80049;INCIDENTE;RESENDE;RJ;SDRS;23/04/2021;13:34:00;0
80048;80048;INCIDENTE;CAMPINAS;SP;SDAM;24/04/2021;14:00:00;0
80050;80050;ACIDENTE;SÃO MANUEL;SP;****;24/04/2021;11:30:00;0
80052;80052;INCIDENTE;PRIMAVERA DO LESTE;MT;*****;24/04/2021;09:50:00;0
80045;80045;INCIDENTE;CAMPINAS;SP;SDAM;25/04/2021;18:24:00;0
80051;80051;INCIDENTE;CAMPO GRANDE;MS;SBCG;25/04/2021;22:00:00;0
80088;80088;INCIDENTE;SÃO PAULO;SP;SBMT;25/04/2021;20:18:00;0
80068;80068;INCIDENTE;NAVEGANTES;SC;SBNF;26/04/2021;12:01:00;0
80056;80056;INCIDENTE GRAVE;FERNANDÓPOLIS;SP;****;28/04/2021;11:20:00;0
80061;80061;INCIDENTE;RIO DE JANEIRO;RJ;SBGL;29/04/2021;10:00:00;0
80062;80062;ACIDENTE;IPIRANGA DO NORTE;MT;****;30/04/2021;16:10:00;0
80063;80063;INCIDENTE GRAVE;GOIÂNIA;GO;SBGO;01/05/2021;22:00:00;0
80067;80067;INCIDENTE;JUNDIAÍ;SP;SBJD;01/05/2021;12:57:00;0
80069;80069;INCIDENTE;MANAUS;AM;SBEG;01/05/2021;15:15:00;0
80065;80065;INCIDENTE GRAVE;BARÃO DE MELGAÇO;MT;*****;02/05/2021;18:30:00;0
80064;80064;ACIDENTE;SÃO PAULO;SP;SBMT;03/05/2021;16:30:00;0
80066;80066;INCIDENTE;ANGRA DOS REIS;RJ;SDAG;03/05/2021;11:30:00;0
80071;80071;INCIDENTE;BRAGANÇA PAULISTA;SP;SBBP;04/05/2021;13:15:00;0
80070;80070;INCIDENTE;CAMPINAS;SP;SBKP;05/05/2021;14:23:00;0
80073;80073;ACIDENTE;ARACAJU;SE;****;06/05/2021;14:57:00;2
80074;80074;ACIDENTE;ITAITUBA;PA;****;06/05/2021;20:35:00;0
80075;80075;ACIDENTE;ARAPOTI;PR;****;06/05/2021;13:55:00;0
80076;80076;ACIDENTE;PONTA PORÃ;MS;****;07/05/2021;15:10:00;0
80079;80079;ACIDENTE;ATIBAIA;SP;****;07/05/2021;13:20:00;0
80077;80077;ACIDENTE;MUNDO NOVO;GO;****;08/05/2021;11:30:00;0
80078;80078;INCIDENTE;GOIÂNIA;GO;*****;08/05/2021;19:00:00;0
80080;80080;ACIDENTE;BELO HORIZONTE;MG;SIVB;08/05/2021;12:30:00;0
80081;80081;ACIDENTE;TOMBOS;MG;****;09/05/2021;20:00:00;0
80082;80082;INCIDENTE;CURITIBA;PR;SBBI;10/05/2021;12:23:00;0
80101;80101;INCIDENTE;RIO DE JANEIRO;RJ;SBGL;10/05/2021;04:00:00;0
80083;80083;ACIDENTE;RIACHÃO DAS NEVES;BA;****;11/05/2021;20:03:00;0
80084;80084;INCIDENTE;GUARULHOS;SP;SBGR;11/05/2021;07:49:00;0
80090;80090;INCIDENTE;MANAUS;AM;SBEG;11/05/2021;07:47:00;0
80085;80085;INCIDENTE GRAVE;SANTARÉM;PA;SNCJ;13/05/2021;19:30:00;0
80086;80086;ACIDENTE;SÃO GABRIEL DO OESTE;MS;****;13/05/2021;11:02:00;0
80091;80091;ACIDENTE;GAVIÃO PEIXOTO;SP;SBGP;13/05/2021;19:57:00;0
80092;80092;ACIDENTE;RIBEIRÃO PRETO;SP;SDUL;13/05/2021;20:25:00;0
80100;80100;INCIDENTE;GUARULHOS;SP;SBGR;13/05/2021;15:10:00;0
80087;80087;ACIDENTE;POCONÉ;MT;****;15/05/2021;15:20:00;0
80089;80089;ACIDENTE;LEME;SP;SDLL;18/05/2021;14:20:00;0
80094;80094;INCIDENTE;SÃO GONÇALO DO AMARANTE;RN;SBSG;19/05/2021;15:29:00;0
80093;80093;INCIDENTE GRAVE;TERESÓPOLIS;RJ;****;22/05/2021;21:40:00;0
80145;80145;INCIDENTE;CAMPINAS;SP;SBKP;23/05/2021;13:15:00;0
80102;80102;INCIDENTE;CAMPINAS;SP;SBKP;25/05/2021;13:15:00;0
80210;80210;INCIDENTE;SIDROLÂNDIA;MS;****;26/05/2021;10:30:00;0
80097;80097;INCIDENTE;SÃO PAULO;SP;SBMT;28/05/2021;17:45:00;0
80103;80103;ACIDENTE;NOVO HORIZONTE;SP;****;28/05/2021;19:58:00;0
80111;80111;INCIDENTE;GOIÂNIA;GO;SBNV;28/05/2021;20:13:00;0
80112;80112;INCIDENTE;GOIÂNIA;GO;SBNV;28/05/2021;13:30:00;0
80098;80098;INCIDENTE;PARINTINS;AM;SWPI;29/05/2021;11:53:00;0
80096;80096;ACIDENTE;PIRAQUARA;PR;SISY;30/05/2021;17:38:00;0
80213;80213;INCIDENTE;JUNDIAÍ;SP;SBJD;30/05/2021;18:00:00;0
80099;80099;ACIDENTE;MORADA NOVA DE MINAS;MG;****;31/05/2021;10:45:00;0
80104;80104;INCIDENTE;SALVADOR;BA;SBSV;01/06/2021;10:10:00;0
80105;80105;ACIDENTE;CAMPOS DOS GOYTACAZES;RJ;9PBS;02/06/2021;22:35:00;0
80108;80108;INCIDENTE;NAVEGANTES;SC;SBNF;03/06/2021;12:39:00;0
80116;80116;ACIDENTE;MORPARÁ;BA;****;03/06/2021;12:17:00;0
80106;80106;ACIDENTE;RIO VERDE;GO;****;04/06/2021;20:15:00;0
80120;80120;INCIDENTE;PORTO ALEGRE;RS;SBPA;04/06/2021;23:31:00;0
80114;80114;INCIDENTE GRAVE;LINS;SP;SWXQ;05/06/2021;19:43:00;0
80117;80117;INCIDENTE;CAMPINAS;SP;SBKP;06/06/2021;16:00:00;0
80115;80115;INCIDENTE;SANTA BÁRBARA;MG;****;08/06/2021;15:55:00;0
80119;80119;ACIDENTE;RONDONÓPOLIS;MT;****;08/06/2021;20:30:00;0
80121;80121;INCIDENTE;VITÓRIA;ES;SBVT;08/06/2021;02:40:00;0
80123;80123;INCIDENTE;PORTO VELHO;RO;SBPV;08/06/2021;19:30:00;0
80122;80122;INCIDENTE;CAMPINAS;SP;SBKP;10/06/2021;18:00:00;0
80124;80124;INCIDENTE GRAVE;SÃO PAULO;SP;SBSP;10/06/2021;20:30:00;0
80133;80133;INCIDENTE;CAMPINAS;SP;SBKP;13/06/2021;11:35:00;0
80127;80127;INCIDENTE GRAVE;GOIÂNIA;GO;SBNV;14/06/2021;18:39:00;0
80151;80151;INCIDENTE;SÃO PAULO;SP;SBSP;15/06/2021;18:22:00;0
80130;80130;INCIDENTE GRAVE;GOIÂNIA;GO;SBNV;16/06/2021;15:50:00;0
80134;80134;INCIDENTE;TERESINA;PI;SBTE;16/06/2021;04:42:00;0
80128;80128;INCIDENTE GRAVE;DIVINÓPOLIS;MG;SNDV;17/06/2021;13:35:00;0
80129;80129;INCIDENTE;SÃO ROQUE;SP;*****;17/06/2021;20:53:00;0
80132;80132;INCIDENTE GRAVE;BRASÍLIA;DF;SBBR;17/06/2021;15:30:00;0
80135;80135;INCIDENTE;CONFINS;MG;SBCF;17/06/2021;22:50:00;0
80131;80131;INCIDENTE GRAVE;BATAYPORÃ;MS;****;18/06/2021;13:30:00;0
80140;80140;INCIDENTE;BOA VISTA;RR;SBBV;18/06/2021;18:12:00;0
80149;80149;INCIDENTE;BELO HORIZONTE;MG;SBCF;18/06/2021;00:35:00;0
80146;80146;INCIDENTE;CONFINS;MG;SBCF;19/06/2021;00:35:00;0
80136;80136;INCIDENTE;RIO BRANCO;AC;SBRB;21/06/2021;14:02:00;0
80147;80147;INCIDENTE;CAMPINAS;SP;SBKP;22/06/2021;21:05:00;0
80137;80137;INCIDENTE;BRASÍLIA;DF;SIQE;23/06/2021;13:50:00;0
80138;80138;INCIDENTE;NOVA XAVANTINA;MT;SWXV;23/06/2021;20:00:00;0
80139;80139;INCIDENTE;GUARULHOS;SP;SBGR;23/06/2021;03:10:00;0
80148;80148;INCIDENTE;RECIFE;PE;SBRF;23/06/2021;16:43:00;0
80144;80144;INCIDENTE;MARINGÁ;PR;SBMG;24/06/2021;14:45:00;0
80143;80143;INCIDENTE;PARINTINS;AM;SWPI;25/06/2021;21:30:00;0
80166;80166;INCIDENTE;CORUMBÁ;MS;SIMQ;25/06/2021;15:00:00;0
80141;80141;INCIDENTE;CURITIBA;PR;SBBI;26/06/2021;20:05:00;0
80142;80142;INCIDENTE;CURITIBA;PR;SBBI;26/06/2021;12:50:00;0
80158;80158;INCIDENTE;RECIFE;PE;SBRF;26/06/2021;17:59:00;0
80150;80150;ACIDENTE;JEQUITAÍ;MG;****;28/06/2021;13:05:00;0
80160;80160;INCIDENTE;MANAUS;AM;SBEG;28/06/2021;22:30:00;0
80183;80183;INCIDENTE;CAXIAS DO SUL;RS;SBCX;29/06/2021;13:55:00;0
80159;80159;INCIDENTE;JUIZ DE FORA;MG;SBJF;01/07/2021;20:00:00;0
80169;80169;INCIDENTE;RIBEIRÃO PRETO;SP;SBRP;01/07/2021;08:55:00;0
80154;80154;ACIDENTE;ACARÁ;PA;###!;02/07/2021;15:00:00;0
80162;80162;INCIDENTE;COARI;AM;****;02/07/2021;14:34:00;0
80155;80155;INCIDENTE GRAVE;GOIÂNIA;GO;SBNV;03/07/2021;16:15:00;0
80156;80156;ACIDENTE;CAMPINAS;SP;SDAM;03/07/2021;12:46:00;0
80163;80163;INCIDENTE;FORQUILHINHA;SC;****;03/07/2021;14:40:00;0
80161;80161;INCIDENTE;GUARULHOS;SP;SBGR;04/07/2021;21:20:00;0
80164;80164;ACIDENTE;GUARAPARI;ES;SNGA;04/07/2021;13:32:00;0
80171;80171;ACIDENTE;ONÇA DE PITANGUI;MG;****;04/07/2021;18:30:00;0
80167;80167;INCIDENTE GRAVE;SÃO JOSÉ DE MIPIBU;RN;SJBX;05/07/2021;18:50:00;0
80184;80184;INCIDENTE;RIBEIRÃO PRETO;SP;SBRP;05/07/2021;10:40:00;0
80165;80165;INCIDENTE;RIO BRANCO;AC;SBRB;07/07/2021;11:32:00;0
80170;80170;INCIDENTE;GUARULHOS;SP;SBGR;07/07/2021;15:36:00;0
80173;80173;INCIDENTE;ARUANÃ;GO;SWNH;08/07/2021;13:00:00;0
80178;80178;INCIDENTE;RIBEIRÃO PRETO;SP;SBRP;08/07/2021;09:30:00;0
80179;80179;INCIDENTE;RECIFE;PE;SBRF;08/07/2021;21:15:00;0
80181;80181;INCIDENTE GRAVE;CASSILÂNDIA;MS;SSCL;08/07/2021;22:30:00;0
80168;80168;ACIDENTE;BRAGANÇA PAULISTA;SP;SBBP;09/07/2021;11:03:00;0
80174;80174;INCIDENTE;SÃO PAULO;SP;SBSP;09/07/2021;14:36:00;0
80172;80172;INCIDENTE GRAVE;TRÊS LAGOAS;MS;*****;10/07/2021;12:00:00;0
80175;80175;INCIDENTE GRAVE;PORTO SEGURO;BA;SBTV;10/07/2021;13:55:00;0
80177;80177;ACIDENTE;CASTANHEIRA;MT;****;10/07/2021;17:00:00;0
80186;80186;INCIDENTE;BAURU;SP;SBBU;10/07/2021;11:40:00;0
80180;80180;INCIDENTE;RIO DE JANEIRO;RJ;SBRJ;11/07/2021;16:35:00;0
80187;80187;INCIDENTE;RIBEIRÃO PRETO;SP;SBRP;11/07/2021;20:43:00;0
80190;80190;INCIDENTE;SANTARÉM;PA;SBSN;11/07/2021;21:30:00;0
80176;80176;ACIDENTE;BEBEDOURO;SP;SDBB;12/07/2021;19:10:00;0
80189;80189;INCIDENTE;CONFINS;MG;SBCF;14/07/2021;11:50:00;0
80222;80222;INCIDENTE;MACAÚBAS;BA;*****;14/07/2021;23:49:00;0
80193;80193;INCIDENTE;CAMPINAS;SP;SBKP;16/07/2021;14:00:00;0
80194;80194;INCIDENTE;SÃO JOSÉ DOS PINHAIS;PR;SBCT;16/07/2021;07:54:00;0
80197;80197;INCIDENTE;CAMPINAS;SP;SBKP;17/07/2021;12:15:00;0
80192;80192;INCIDENTE;SÃO PAULO;SP;SBMT;18/07/2021;11:58:00;0
80191;80191;INCIDENTE;SOROCABA;SP;SDCO;19/07/2021;13:00:00;0
80195;80195;INCIDENTE;JUNDIAÍ;SP;SBJD;21/07/2021;12:12:00;0
80198;80198;INCIDENTE GRAVE;GOIÂNIA;GO;SBGO;22/07/2021;14:45:00;0
80204;80204;INCIDENTE;RECIFE;PE;SBRF;22/07/2021;15:15:00;0
80202;80202;INCIDENTE;CAMPOS DOS GOYTACAZES;RJ;****;23/07/2021;11:25:00;0
80205;80205;INCIDENTE;MANAUS;AM;SBEG;23/07/2021;11:15:00;0
80206;80206;INCIDENTE;CAMPINAS;SP;SBKP;23/07/2021;22:00:00;0
80226;80226;INCIDENTE;CAXIAS DO SUL;RS;SBCX;23/07/2021;18:10:00;0
80203;80203;ACIDENTE;TUPI PAULISTA;SP;****;24/07/2021;20:10:00;0
80209;80209;INCIDENTE;GOIÂNIA;GO;SBNV;24/07/2021;13:50:00;0
80199;80199;INCIDENTE;ATIBAIA;SP;SDTB;25/07/2021;11:50:00;0
80200;80200;INCIDENTE GRAVE;BRAGANÇA PAULISTA;SP;SDVH;25/07/2021;12:25:00;0
80201;80201;INCIDENTE;CAÇAPAVA;SP;SDIP;25/07/2021;17:21:00;0
80207;80207;INCIDENTE;RIO BRANCO;AC;SBRB;26/07/2021;16:17:00;0
80234;80234;INCIDENTE;SÃO PAULO;SP;SBSP;26/07/2021;13:20:00;0
80208;80208;INCIDENTE;SÃO PAULO;SP;SBMT;27/07/2021;19:45:00;0
80212;80212;INCIDENTE;AMAPÁ;AP;****;28/07/2021;18:00:00;0
80216;80216;INCIDENTE;UBERLÂNDIA;MG;SBUL;28/07/2021;14:40:00;0
80220;80220;INCIDENTE;CURITIBA;PR;SBBI;29/07/2021;10:26:00;0
80219;80219;INCIDENTE GRAVE;CASCAVEL;PR;****;30/07/2021;16:50:00;0
80221;80221;INCIDENTE GRAVE;MARAÚ;BA;SIRI;31/07/2021;13:15:00;0
80218;80218;ACIDENTE;APUÍ;AM;SNLM;01/08/2021;14:20:00;0
80236;80236;ACIDENTE;POCONÉ;MT;****;01/08/2021;22:00:00;0
80224;80224;INCIDENTE;COARI;AM;****;02/08/2021;16:59:00;0
80227;80227;ACIDENTE;UMUARAMA;PR;****;02/08/2021;14:30:00;0
80225;80225;INCIDENTE;CURITIBA;PR;SBBI;04/08/2021;13:45:00;0
80252;80252;ACIDENTE;IRACEMA;RR;****;04/08/2021;11:45:00;0
80228;80228;INCIDENTE GRAVE;ELDORADO DO SUL;RS;SIXE;05/08/2021;15:55:00;0
80229;80229;INCIDENTE;ITAGUAÍ;RJ;****;05/08/2021;15:30:00;0
80230;80230;INCIDENTE;ILHÉUS;BA;SBIL;06/08/2021;15:04:00;0
80231;80231;INCIDENTE GRAVE;CAXIAS DO SUL;RS;SBCX;06/08/2021;16:59:00;0
80248;80248;INCIDENTE GRAVE;CHAPADÃO DO SUL;MS;SSCD;06/08/2021;20:00:00;0
80233;80233;ACIDENTE;POCONÉ;MT;****;08/08/2021;12:30:00;0
80235;80235;INCIDENTE;CORUMBÁ;MS;SBCR;09/08/2021;20:55:00;0
80237;80237;ACIDENTE;ITAPORÃ;MS;SSPO;10/08/2021;21:00:00;0
80240;80240;INCIDENTE;GOIÂNIA;GO;SBNV;10/08/2021;14:15:00;0
80242;80242;INCIDENTE;VÁRZEA GRANDE;MT;SBCY;10/08/2021;13:50:00;0
80238;80238;INCIDENTE GRAVE;VOTUPORANGA;SP;SDVG;11/08/2021;19:09:00;0
80239;80239;INCIDENTE;BELO HORIZONTE;MG;SBBH;11/08/2021;19:58:00;0
80249;80249;INCIDENTE;MANAUS;AM;SBEG;14/08/2021;15:40:00;0
80243;80243;INCIDENTE;BELO HORIZONTE;MG;SBBH;15/08/2021;17:14:00;0
80244;80244;INCIDENTE;BRAGANÇA PAULISTA;SP;SBBP;15/08/2021;15:20:00;0
80245;80245;INCIDENTE;RECIFE;PE;SBRF;15/08/2021;15:05:00;0
80247;80247;INCIDENTE;PORTO VELHO;RO;SBPV;16/08/2021;02:30:00;0
80251;80251;INCIDENTE;BELÉM;PA;SBBE;17/08/2021;15:45:00;0
80255;80255;INCIDENTE;BELO HORIZONTE;MG;SBBH;18/08/2021;20:45:00;0
80257;80257;ACIDENTE;DOM AQUINO;MT;****;18/08/2021;16:00:00;0
80259;80259;INCIDENTE;CAMPINAS;SP;SBKP;18/08/2021;12:45:00;0
80254;80254;INCIDENTE GRAVE;JORDÃO;AC;SJOD;21/08/2021;18:30:00;0
80256;80256;INCIDENTE;CABO FRIO;RJ;SBCB;21/08/2021;15:10:00;0
80260;80260;INCIDENTE;PORECATU;PR;SWME;24/08/2021;10:38:00;0
80268;80268;INCIDENTE;MANAUS;AM;SWFN;25/08/2021;18:50:00;0
80287;80287;INCIDENTE;RIBEIRÃO PRETO;SP;SBRP;25/08/2021;20:55:00;0
80261;80261;INCIDENTE GRAVE;ARAQUARI;SC;SWON;26/08/2021;16:05:00;0
80359;80359;ACIDENTE;DOIS VIZINHOS;PR;SIZM;26/08/2021;13:45:00;0
80262;80262;INCIDENTE GRAVE;VILA VELHA;ES;SIVU;28/08/2021;15:15:00;0
80278;80278;INCIDENTE;PORTO ALEGRE;RS;SBPA;28/08/2021;20:20:00;0
80267;80267;INCIDENTE;CAMPINAS;SP;SBKP;30/08/2021;01:26:00;0
80269;80269;INCIDENTE;PORTO ALEGRE;RS;SBPA;30/08/2021;14:20:00;0
80263;80263;INCIDENTE;RIO DE JANEIRO;RJ;SBRJ;31/08/2021;12:10:00;0
80265;80265;INCIDENTE GRAVE;SÃO PAULO;SP;SBMT;31/08/2021;16:50:00;0
80266;80266;INCIDENTE;JUIZ DE FORA;MG;SBJF;01/09/2021;18:01:00;0
80274;80274;INCIDENTE;PORTO ALEGRE;RS;SBPA;01/09/2021;02:20:00;0
80270;80270;INCIDENTE GRAVE;JACAREACANGA;PA;SBEK;02/09/2021;13:30:00;0
80271;80271;INCIDENTE;CUIABÁ;MT;SBCY;02/09/2021;20:05:00;0
80288;80288;INCIDENTE;MANAUS;AM;SBEG;02/09/2021;12:25:00;0
80275;80275;INCIDENTE;CURITIBA;PR;SBBI;03/09/2021;16:37:00;0
80272;80272;ACIDENTE;ALTO ALEGRE;RR;SJNC;05/09/2021;19:00:00;0
80273;80273;ACIDENTE;BIRITIBA-MIRIM;SP;****;06/09/2021;14:35:00;0
80277;80277;INCIDENTE;CONFINS;MG;SBCF;06/09/2021;20:58:00;0
80284;80284;ACIDENTE;BRASNORTE;MT;****;07/09/2021;22:00:00;0
80276;80276;INCIDENTE;GUARULHOS;SP;SBGR;08/09/2021;12:05:00;0
80437;80437;INCIDENTE;GUARULHOS;SP;SBGR;08/09/2021;12:05:00;0
80291;80291;INCIDENTE;RIO DE JANEIRO;RJ;SBGL;09/09/2021;23:25:00;0
80285;80285;ACIDENTE;ITAITUBA;PA;*****;10/09/2021;13:43:00;0
80286;80286;ACIDENTE;MANAUS;AM;****;10/09/2021;14:00:00;0
80289;80289;INCIDENTE GRAVE;SÃO JOSÉ;SC;SSKT;10/09/2021;18:30:00;0
80290;80290;INCIDENTE;BRASÍLIA;DF;SBBR;10/09/2021;14:45:00;0
80292;80292;INCIDENTE;CURITIBANOS;SC;SBCT;11/09/2021;03:55:00;0
80294;80294;ACIDENTE;PIRACICABA;SP;SDPW;14/09/2021;12:00:00;0
80295;80295;INCIDENTE;BELO HORIZONTE;MG;SBBH;15/09/2021;18:36:00;0
80296;80296;INCIDENTE;MARIANA;MG;SWNG;15/09/2021;18:30:00;0
80297;80297;INCIDENTE;BELO HORIZONTE;MG;SBBH;15/09/2021;18:32:00;0
80301;80301;ACIDENTE;SANTA ISABEL DO RIO NEGRO;AM;****;16/09/2021;17:05:00;0
80304;80304;INCIDENTE;BRASÍLIA;DF;SBBR;16/09/2021;15:34:00;0
80298;80298;ACIDENTE;JUNDIAÍ;SP;SBJD;18/09/2021;14:20:00;0
80299;80299;INCIDENTE;MANAUS;AM;SBEG;18/09/2021;16:51:00;0
80302;80302;INCIDENTE GRAVE;SALVADOR;BA;SBSV;19/09/2021;18:55:00;0
80303;80303;INCIDENTE;SÃO PAULO;SP;SBMT;19/09/2021;18:30:00;0
80300;80300;INCIDENTE;PARINTINS;AM;SWPI;20/09/2021;00:54:00;0
80313;80313;INCIDENTE;CUIABÁ;MT;SBCY;20/09/2021;16:42:00;0
80305;80305;INCIDENTE;ITAJUBÁ;MG;SNHH;21/09/2021;14:15:00;0
80307;80307;ACIDENTE;UBERLÂNDIA;MG;SJPT;22/09/2021;20:57:00;0
80310;80310;ACIDENTE;PONTA GROSSA;PR;SBPG;24/09/2021;19:10:00;0
80308;80308;INCIDENTE;SÃO SEBASTIÃO DO OESTE;MG;****;25/09/2021;15:40:00;0
80309;80309;INCIDENTE;PORTO VELHO;RO;SBPV;27/09/2021;18:25:00;0
80314;80314;ACIDENTE;GOIÂNIA;GO;SBGO;28/09/2021;15:05:00;0
80311;80311;ACIDENTE;VILHENA;RO;****;29/09/2021;15:10:00;0
80312;80312;INCIDENTE GRAVE;TOMÉ-AÇU;PA;*****;29/09/2021;20:20:00;0
80315;80315;INCIDENTE GRAVE;GOIÂNIA;GO;SBNV;01/10/2021;16:00:00;0
80316;80316;INCIDENTE;CAMPINAS;SP;SBKP;03/10/2021;16:20:00;0
80317;80317;ACIDENTE;RIO DE JANEIRO;RJ;SBJR;06/10/2021;19:53:00;0
80323;80323;INCIDENTE;TERESINA;PI;SBTE;08/10/2021;16:20:00;0
80327;80327;INCIDENTE;BELÉM;PA;SBBE;09/10/2021;21:40:00;0
80326;80326;INCIDENTE;CAMPINAS;SP;SBKP;10/10/2021;08:50:00;0
80325;80325;INCIDENTE;CAMPINAS;SP;SBKP;11/10/2021;03:04:00;0
80335;80335;INCIDENTE;FORTALEZA;CE;SBFZ;11/10/2021;22:34:00;0
80328;80328;ACIDENTE;ITAITUBA;PA;****;13/10/2021;18:00:00;0
80329;80329;INCIDENTE GRAVE;GOIÂNIA;GO;SBNV;13/10/2021;12:00:00;0
80330;80330;INCIDENTE;PRESIDENTE PRUDENTE;SP;SBDN;14/10/2021;08:35:00;0
80331;80331;INCIDENTE;BRASÍLIA;DF;SBBR;14/10/2021;14:05:00;0
80333;80333;INCIDENTE;ÁGUA BOA;MT;SWHP;14/10/2021;10:00:00;0
80332;80332;INCIDENTE;GUARULHOS;SP;SBGR;15/10/2021;13:42:00;0
80336;80336;INCIDENTE;BELÉM;PA;SBBE;15/10/2021;19:53:00;0
80334;80334;INCIDENTE;PORTO SEGURO;BA;SBPS;19/10/2021;14:27:00;0
80337;80337;INCIDENTE GRAVE;PARÁ DE MINAS;MG;****;20/10/2021;17:23:00;0
80338;80338;ACIDENTE;COCALINHO;MT;###!;22/10/2021;14:55:00;0
80339;80339;INCIDENTE GRAVE;RONDONÓPOLIS;MT;SBRD;22/10/2021;17:30:00;0
80342;80342;INCIDENTE;JUNDIAÍ;SP;SBJD;22/10/2021;14:50:00;0
80344;80344;INCIDENTE GRAVE;SOBRAL;CE;****;22/10/2021;14:50:00;0
80347;80347;INCIDENTE;MONTES CLAROS;MG;SBMK;22/10/2021;09:20:00;0
80341;80341;INCIDENTE;ITAITUBA;PA;SBIH;23/10/2021;19:22:00;0
80343;80343;INCIDENTE;SÃO PAULO;SP;SBMT;23/10/2021;14:38:00;0
80358;80358;ACIDENTE;CORUMBÁ;MS;SIFW;23/10/2021;14:15:00;0
80345;80345;INCIDENTE;BELO HORIZONTE;MG;SBBH;24/10/2021;07:12:00;0
80348;80348;ACIDENTE;VILHENA;RO;****;24/10/2021;18:40:00;0
80349;80349;ACIDENTE;SANTA FÉ DO SUL;SP;SILT;25/10/2021;17:50:00;0
80351;80351;ACIDENTE;LUÍS EDUARDO MAGALHÃES;BA;SSQZ;29/10/2021;19:35:00;0
80371;80371;INCIDENTE;CAMPINAS;SP;SBKP;29/10/2021;20:05:00;0
80376;80376;INCIDENTE;CONFINS;MG;SBCF;29/10/2021;21:25:00;0
80392;80392;INCIDENTE;GUARULHOS;SP;SBGR;30/10/2021;16:35:00;0
80375;80375;INCIDENTE;CAMPO GRANDE;MS;SBCG;31/10/2021;19:20:00;0
80377;80377;INCIDENTE;VITÓRIA;ES;SBVT;01/11/2021;00:00:00;0
80360;80360;INCIDENTE;CASCAVEL;PR;SILQ;02/11/2021;12:00:00;0
80378;80378;INCIDENTE;BRASÍLIA;DF;SBBR;04/11/2021;12:35:00;0
80362;80362;INCIDENTE;SÃO PAULO;SP;SBMT;05/11/2021;21:46:00;0
80364;80364;INCIDENTE;BLUMENAU;SC;SSBL;05/11/2021;17:10:00;0
80366;80366;INCIDENTE;PORTO VELHO;RO;SBPV;05/11/2021;17:56:00;0
80369;80369;ACIDENTE;PIEDADE DE CARATINGA;MG;SNCT;05/11/2021;18:15:00;0
80379;80379;INCIDENTE;CAMPO GRANDE;MS;SBCG;05/11/2021;12:00:00;0
80361;80361;ACIDENTE;ALTAIR;SP;*****;06/11/2021;11:10:00;0
80367;80367;ACIDENTE;PAU D'ARCO;PA;****;06/11/2021;14:15:00;0
80374;80374;INCIDENTE;SÃO JOSÉ DOS CAMPOS;SP;SBSJ;06/11/2021;14:17:00;0
80363;80363;INCIDENTE;SÃO PAULO;SP;SBBP;07/11/2021;12:43:00;0
80365;80365;ACIDENTE;SÃO JOSÉ DE MIPIBU;RN;SSCE;07/11/2021;19:08:00;0
80385;80385;INCIDENTE;CAMPINAS;SP;SBKP;07/11/2021;12:05:00;0
80399;80399;INCIDENTE;RIO DE JANEIRO;RJ;SBGL;07/11/2021;21:57:00;0
80372;80372;INCIDENTE;MANAUS;AM;SWFN;08/11/2021;12:17:00;0
80373;80373;ACIDENTE;BELO HORIZONTE;MG;****;08/11/2021;10:35:00;0
80383;80383;ACIDENTE;LAGOA DA CONFUSÃO;TO;****;11/11/2021;12:40:00;0
80381;80381;INCIDENTE;MANAUS;AM;SWFN;12/11/2021;18:25:00;0
80380;80380;ACIDENTE;ATIBAIA;SP;SDTB;13/11/2021;15:00:00;0
80384;80384;INCIDENTE GRAVE;GOIÂNIA;GO;SBNV;14/11/2021;18:48:00;0
80403;80403;INCIDENTE;NATAL;RN;SBSG;14/11/2021;18:35:00;0
80396;80396;INCIDENTE GRAVE;FRANCISCO BELTRÃO;PR;SSFB;15/11/2021;18:40:00;0
80382;80382;INCIDENTE GRAVE;PIRACICABA;SP;SDPW;16/11/2021;20:50:00;0
80407;80407;INCIDENTE;PORTO ALEGRE;RS;SBPA;16/11/2021;22:10:00;0
80394;80394;INCIDENTE;TERESINA;PI;SBTE;17/11/2021;14:40:00;0
80405;80405;INCIDENTE;SÃO PAULO;SP;SBMT;17/11/2021;15:52:00;0
80386;80386;INCIDENTE GRAVE;MARINGÁ;PR;SBMG;18/11/2021;02:35:00;0
80389;80389;INCIDENTE;PONTA PORÃ;MS;SBPP;18/11/2021;14:43:00;0
80388;80388;INCIDENTE;CARACARAÍ;RR;****;19/11/2021;16:40:00;0
80393;80393;ACIDENTE;CAROEBE;RR;SJLJ;19/11/2021;19:15:00;0
80390;80390;ACIDENTE;RIO CLARO;SP;SDRK;21/11/2021;14:00:00;0
80395;80395;INCIDENTE GRAVE;BOA VISTA;RR;SBBV;22/11/2021;06:40:00;0
80397;80397;INCIDENTE GRAVE;QUIRINÓPOLIS;GO;*****;23/11/2021;10:00:00;0
80398;80398;ACIDENTE;JOÃO PINHEIRO;MG;****;24/11/2021;11:40:00;0
80404;80404;INCIDENTE;PARANAVAÍ;PR;SSPI;24/11/2021;16:00:00;0
80401;80401;INCIDENTE;ARAXÁ;MG;SBAX;25/11/2021;18:08:00;0
80402;80402;ACIDENTE;CUIABÁ;MT;SBCY;25/11/2021;05:45:00;0
80406;80406;ACIDENTE;UBATUBA;SP;****;25/11/2021;00:27:00;0
80408;80408;INCIDENTE;PORTO ALEGRE;RS;SBPA;29/11/2021;22:10:00;0
80421;80421;INCIDENTE;SÃO PAULO;SP;SBSP;29/11/2021;19:55:00;0
80409;80409;INCIDENTE GRAVE;PONTA PORÃ;MS;SBPP;30/11/2021;19:05:00;0
80413;80413;INCIDENTE GRAVE;RIBAS DO RIO PARDO;MS;SSWF;01/12/2021;10:30:00;0
80422;80422;INCIDENTE;BELO HORIZONTE;MG;SBCF;01/12/2021;23:05:00;0
80410;80410;INCIDENTE;RIO DE JANEIRO;RJ;SBGL;02/12/2021;09:20:00;0
80411;80411;INCIDENTE GRAVE;LAVRAS;MG;SSOL;02/12/2021;12:15:00;0
80414;80414;INCIDENTE;FLORES DA CUNHA;RS;SIFQ;02/12/2021;18:00:00;0
80415;80415;ACIDENTE;SÃO FÉLIX DO XINGU;PA;****;03/12/2021;20:00:00;0
80416;80416;INCIDENTE;MANAUS;AM;SBEG;03/12/2021;04:00:00;0
80417;80417;ACIDENTE;SANTO ANTÔNIO DO AMPARO;MG;****;03/12/2021;11:00:00;0
80412;80412;INCIDENTE;CURITIBA;PR;SBBI;05/12/2021;12:00:00;0
80419;80419;ACIDENTE;LAGOA DA CONFUSÃO;TO;****;05/12/2021;17:55:00;0
80418;80418;ACIDENTE;VERÍSSIMO;MG;*****;07/12/2021;11:10:00;0
80424;80424;INCIDENTE;SÃO JOSÉ DO RIO PRETO;SP;SBSR;07/12/2021;19:51:00;0
80433;80433;INCIDENTE;CAMPINAS;SP;SBKP;07/12/2021;22:00:00;0
80420;80420;INCIDENTE;CURITIBA;PR;SBBI;08/12/2021;13:16:00;0
80423;80423;ACIDENTE;BRASNORTE;MT;****;08/12/2021;12:45:00;0
80438;80438;INCIDENTE;RIO DE JANEIRO;RJ;SBGL;08/12/2021;21:35:00;0
80442;80442;ACIDENTE;ARAL MOREIRA;MS;****;08/12/2021;00:00:00;0
80425;80425;INCIDENTE;SÃO PAULO;SP;SBSP;09/12/2021;20:30:00;0
80436;80436;INCIDENTE;PALMAS;TO;SBPJ;09/12/2021;22:10:00;0
80430;80430;INCIDENTE;RIO DE JANEIRO;RJ;SBGL;10/12/2021;11:05:00;0
80426;80426;ACIDENTE;ANAURILÂNDIA;MS;*****;11/12/2021;20:00:00;0
80428;80428;ACIDENTE;SANTA VITÓRIA DO PALMAR;RS;****;11/12/2021;19:40:00;0
80427;80427;INCIDENTE GRAVE;NOVA BANDEIRANTES;MT;*****;12/12/2021;17:20:00;0
80435;80435;INCIDENTE;VITÓRIA;ES;SBVT;12/12/2021;23:30:00;0
80429;80429;ACIDENTE;SANTA ROSA;RS;SSZR;14/12/2021;13:00:00;0
80434;80434;ACIDENTE;CARACOL;MS;****;14/12/2021;21:35:00;0
80431;80431;INCIDENTE;SANTOS;SP;SBST;15/12/2021;12:30:00;0
80447;80447;INCIDENTE;CONFINS;MG;SBCF;15/12/2021;17:10:00;0
80443;80443;INCIDENTE;SALVADOR;BA;SBSV;18/12/2021;14:30:00;0
80448;80448;INCIDENTE GRAVE;FORMOSO DO ARAGUAIA;TO;*****;18/12/2021;19:00:00;0
80440;80440;ACIDENTE;SÃO BORJA;RS;****;19/12/2021;12:00:00;0
80441;80441;ACIDENTE;BRAGANÇA PAULISTA;SP;SDVH;20/12/2021;18:15:00;0
80444;80444;ACIDENTE;SANTA RITA DO PARDO;MS;****;20/12/2021;14:30:00;0
80445;80445;ACIDENTE;CHUPINGUAIA;RO;###!;20/12/2021;12:05:00;0
80446;80446;ACIDENTE;JACAREACANGA;PA;*****;20/12/2021;17:10:00;0
80465;80465;INCIDENTE;VITÓRIA;ES;SBVT;21/12/2021;22:25:00;0
80461;80461;INCIDENTE;MARINGÁ;PR;SBMG;24/12/2021;03:30:00;0
80468;80468;INCIDENTE;SALVADOR;BA;SBSV;26/12/2021;16:56:00;0
80450;80450;ACIDENTE;DOURADOS;MS;*****;28/12/2021;10:30:00;0
80463;80463;INCIDENTE;MARINGÁ;PR;SBMG;28/12/2021;16:11:00;0
80453;80453;INCIDENTE;CAMPINAS;SP;SBKP;29/12/2021;09:00:00;0
80454;80454;INCIDENTE GRAVE;ARAÇATUBA;SP;SBAU;29/12/2021;21:35:00;0
80455;80455;INCIDENTE GRAVE;SANTA RITA;PB;*****;29/12/2021;18:50:00;0
80451;80451;INCIDENTE;MANAUS;AM;SBEG;30/12/2021;14:41:00;0
80456;80456;INCIDENTE;SÃO PAULO;SP;SBSP;30/12/2021;13:15:00;0
80458;80458;ACIDENTE;JATAÍ;GO;####;30/12/2021;20:30:00;0
80452;80452;ACIDENTE;MARACAÍ;SP;*****;31/12/2021;09:30:00;0
80457;80457;INCIDENTE GRAVE;NOVO HAMBURGO;RS;SSNH;31/12/2021;11:59:00;0
80460;80460;INCIDENTE;CURITIBA;PR;SBBI;31/12/2021;15:12:00;0
80467;80467;INCIDENTE;PETROLINA;PE;SBPL;31/12/2021;20:30:00;0
